{
  "name": "M-d3-n7-k1-p2",
  "V_coordinates": [
    [
      73,
      50
    ],
    [
      32,
      82
    ],
    [
      32,
      19
    ],
    [
      17,
      67
    ],
    [
      59,
      97
    ],
    [
      68,
      75
    ],
    [
      34,
      49
    ],
    [
      65,
      88
    ],
    [
      8,
      54
    ],
    [
      80,
      18
    ],
    [
      97,
      34
    ],
    [
      53,
      31
    ],
    [
      37,
      20
    ],
    [
      60,
      82
    ],
    [
      92,
      32
    ],
    [
      8,
      72
    ],
    [
      68,
      62
    ],
    [
      5,
      94
    ],
    [
      88,
      74
    ],
    [
      6,
      53
    ],
    [
      45,
      8
    ],
    [
      62,
      39
    ],
    [
      33,
      61
    ],
    [
      7,
      8
    ],
    [
      94,
      31
    ],
    [
      96,
      38
    ],
    [
      9,
      91
    ],
    [
      6,
      96
    ],
    [
      16,
      65
    ],
    [
      20,
      64
    ],
    [
      47,
      12
    ],
    [
      42,
      11
    ],
    [
      5,
      8
    ],
    [
      9,
      5
    ],
    [
      31,
      47
    ],
    [
      35,
      51
    ],
    [
      6,
      55
    ],
    [
      9,
      52
    ]
  ],
  "V": [
    0,
    1,
    2,
    3,
    4,
    5,
    6,
    7,
    8,
    9,
    10,
    11,
    12,
    13,
    14,
    15,
    16,
    17,
    18,
    19,
    20,
    21,
    22,
    23,
    24,
    25,
    26,
    27,
    28,
    29,
    30,
    31,
    32,
    33,
    34,
    35,
    36,
    37
  ],
  "VD": [
    0,
    1,
    2
  ],
  "VC": [
    3,
    4,
    5,
    6,
    7,
    8,
    9,
    10,
    11,
    12,
    13,
    14,
    15,
    16,
    17,
    18,
    19,
    20,
    21,
    22,
    23
  ],
  "VP": [
    24,
    25,
    26,
    27,
    28,
    29,
    30,
    31,
    32,
    33,
    34,
    35,
    36,
    37
  ],
  "VC1": [
    4,
    5,
    7,
    9,
    11,
    12,
    13,
    14,
    15,
    16,
    18,
    19,
    21,
    22
  ],
  "VC2": [
    10,
    17,
    3,
    20,
    23,
    6,
    8
  ],
  "demand": [
    0,
    0,
    0,
    18,
    27,
    29,
    10,
    22,
    26,
    14,
    26,
    27,
    16,
    23,
    11,
    25,
    21,
    28,
    27,
    16,
    26,
    23,
    25,
    21,
    0,
    0,
    0,
    0,
    0,
    0,
    0,
    0,
    0,
    0,
    0,
    0,
    0,
    0
  ],
  "service_time": [
    0,
    0,
    0,
    16,
    15,
    10,
    18,
    18,
    19,
    19,
    15,
    17,
    19,
    10,
    13,
    20,
    12,
    18,
    19,
    12,
    11,
    18,
    14,
    10,
    0,
    0,
    0,
    0,
    0,
    0,
    0,
    0,
    0,
    0,
    0,
    0,
    0,
    0
  ],
  "K": [
    0,
    1,
    2
  ],
  "veh_dist_matrix": [
    [
      100000.0,
      52.01,
      51.4,
      100000.0,
      49.04,
      25.5,
      100000.0,
      38.83,
      100000.0,
      32.76,
      100000.0,
      27.59,
      46.86,
      34.54,
      26.17,
      68.62,
      13.0,
      100000.0,
      28.3,
      67.07,
      100000.0,
      15.56,
      41.48,
      100000.0,
      28.32,
      25.94,
      76.01,
      81.27,
      58.94,
      54.82,
      46.04,
      49.82,
      79.92,
      78.24,
      42.11,
      38.01,
      67.19,
      64.03
    ],
    [
      52.01,
      100000.0,
      63.0,
      100000.0,
      30.89,
      36.67,
      100000.0,
      33.54,
      100000.0,
      80.0,
      100000.0,
      55.15,
      62.2,
      28.0,
      78.1,
      26.0,
      41.18,
      100000.0,
      56.57,
      38.95,
      100000.0,
      52.43,
      21.02,
      100000.0,
      80.28,
      77.67,
      24.7,
      29.53,
      23.35,
      21.63,
      71.59,
      71.7,
      78.77,
      80.36,
      35.01,
      31.14,
      37.48,
      37.8
    ],
    [
      51.4,
      63.0,
      100000.0,
      100000.0,
      82.54,
      66.57,
      100000.0,
      76.49,
      100000.0,
      48.01,
      100000.0,
      24.19,
      5.1,
      68.94,
      61.39,
      58.18,
      56.08,
      100000.0,
      78.49,
      42.8,
      100000.0,
      36.06,
      42.01,
      100000.0,
      63.15,
      66.76,
      75.58,
      81.27,
      48.7,
      46.57,
      16.55,
      12.81,
      29.15,
      26.93,
      28.02,
      32.14,
      44.41,
      40.22
    ],
    [
      100000.0,
      100000.0,
      100000.0,
      100000.0,
      100000.0,
      100000.0,
      100000.0,
      100000.0,
      100000.0,
      100000.0,
      100000.0,
      100000.0,
      100000.0,
      100000.0,
      100000.0,
      100000.0,
      100000.0,
      100000.0,
      100000.0,
      100000.0,
      100000.0,
      100000.0,
      100000.0,
      100000.0,
      100000.0,
      100000.0,
      100000.0,
      100000.0,
      100000.0,
      100000.0,
      100000.0,
      100000.0,
      100000.0,
      100000.0,
      100000.0,
      100000.0,
      100000.0,
      100000.0
    ],
    [
      49.04,
      30.89,
      82.54,
      100000.0,
      100000.0,
      23.77,
      100000.0,
      10.82,
      100000.0,
      81.74,
      100000.0,
      66.27,
      80.08,
      15.03,
      72.9,
      56.8,
      36.14,
      100000.0,
      37.01,
      68.88,
      100000.0,
      58.08,
      44.41,
      100000.0,
      74.71,
      69.64,
      50.36,
      53.01,
      53.6,
      51.09,
      85.84,
      87.66,
      104.1,
      104.71,
      57.31,
      51.88,
      67.62,
      67.27
    ],
    [
      25.5,
      36.67,
      66.57,
      100000.0,
      23.77,
      100000.0,
      100000.0,
      13.34,
      100000.0,
      58.25,
      100000.0,
      46.49,
      63.13,
      10.63,
      49.24,
      60.07,
      13.0,
      100000.0,
      20.02,
      65.79,
      100000.0,
      36.5,
      37.7,
      100000.0,
      51.11,
      46.4,
      61.13,
      65.46,
      52.95,
      49.24,
      66.41,
      69.08,
      91.97,
      91.55,
      46.4,
      40.8,
      65.15,
      63.32
    ],
    [
      100000.0,
      100000.0,
      100000.0,
      100000.0,
      100000.0,
      100000.0,
      100000.0,
      100000.0,
      100000.0,
      100000.0,
      100000.0,
      100000.0,
      100000.0,
      100000.0,
      100000.0,
      100000.0,
      100000.0,
      100000.0,
      100000.0,
      100000.0,
      100000.0,
      100000.0,
      100000.0,
      100000.0,
      100000.0,
      100000.0,
      100000.0,
      100000.0,
      100000.0,
      100000.0,
      100000.0,
      100000.0,
      100000.0,
      100000.0,
      100000.0,
      100000.0,
      100000.0,
      100000.0
    ],
    [
      38.83,
      33.54,
      76.49,
      100000.0,
      10.82,
      13.34,
      100000.0,
      100000.0,
      100000.0,
      71.59,
      100000.0,
      58.25,
      73.54,
      7.81,
      62.17,
      59.2,
      26.17,
      100000.0,
      26.93,
      68.6,
      100000.0,
      49.09,
      41.87,
      100000.0,
      63.95,
      58.83,
      56.08,
      59.54,
      54.13,
      51.0,
      78.1,
      80.36,
      100.0,
      100.12,
      53.26,
      47.63,
      67.6,
      66.57
    ],
    [
      100000.0,
      100000.0,
      100000.0,
      100000.0,
      100000.0,
      100000.0,
      100000.0,
      100000.0,
      100000.0,
      100000.0,
      100000.0,
      100000.0,
      100000.0,
      100000.0,
      100000.0,
      100000.0,
      100000.0,
      100000.0,
      100000.0,
      100000.0,
      100000.0,
      100000.0,
      100000.0,
      100000.0,
      100000.0,
      100000.0,
      100000.0,
      100000.0,
      100000.0,
      100000.0,
      100000.0,
      100000.0,
      100000.0,
      100000.0,
      100000.0,
      100000.0,
      100000.0,
      100000.0
    ],
    [
      32.76,
      80.0,
      48.01,
      100000.0,
      81.74,
      58.25,
      100000.0,
      71.59,
      100000.0,
      100000.0,
      100000.0,
      29.97,
      43.05,
      67.05,
      18.44,
      90.0,
      45.61,
      100000.0,
      56.57,
      81.86,
      100000.0,
      27.66,
      63.7,
      100000.0,
      19.1,
      25.61,
      101.83,
      107.52,
      79.4,
      75.6,
      33.54,
      38.64,
      75.66,
      72.18,
      56.94,
      55.8,
      82.73,
      78.72
    ],
    [
      100000.0,
      100000.0,
      100000.0,
      100000.0,
      100000.0,
      100000.0,
      100000.0,
      100000.0,
      100000.0,
      100000.0,
      100000.0,
      100000.0,
      100000.0,
      100000.0,
      100000.0,
      100000.0,
      100000.0,
      100000.0,
      100000.0,
      100000.0,
      100000.0,
      100000.0,
      100000.0,
      100000.0,
      100000.0,
      100000.0,
      100000.0,
      100000.0,
      100000.0,
      100000.0,
      100000.0,
      100000.0,
      100000.0,
      100000.0,
      100000.0,
      100000.0,
      100000.0,
      100000.0
    ],
    [
      27.59,
      55.15,
      24.19,
      100000.0,
      66.27,
      46.49,
      100000.0,
      58.25,
      100000.0,
      29.97,
      100000.0,
      100000.0,
      19.42,
      51.48,
      39.01,
      60.88,
      34.44,
      100000.0,
      55.44,
      51.89,
      100000.0,
      12.04,
      36.06,
      100000.0,
      41.0,
      43.57,
      74.4,
      80.21,
      50.25,
      46.67,
      19.92,
      22.83,
      53.23,
      51.11,
      27.2,
      26.91,
      52.77,
      48.75
    ],
    [
      46.86,
      62.2,
      5.1,
      100000.0,
      80.08,
      63.13,
      100000.0,
      73.54,
      100000.0,
      43.05,
      100000.0,
      19.42,
      100000.0,
      66.13,
      56.29,
      59.54,
      52.2,
      100000.0,
      74.28,
      45.28,
      100000.0,
      31.4,
      41.19,
      100000.0,
      58.05,
      61.68,
      76.32,
      82.08,
      49.66,
      47.17,
      12.81,
      10.3,
      34.18,
      31.76,
      27.66,
      31.06,
      46.75,
      42.52
    ],
    [
      34.54,
      28.0,
      68.94,
      100000.0,
      15.03,
      10.63,
      100000.0,
      7.81,
      100000.0,
      67.05,
      100000.0,
      51.48,
      66.13,
      100000.0,
      59.36,
      52.95,
      21.54,
      100000.0,
      29.12,
      61.29,
      100000.0,
      43.05,
      34.21,
      100000.0,
      61.29,
      56.85,
      51.79,
      55.79,
      47.17,
      43.86,
      71.2,
      73.25,
      92.2,
      92.36,
      45.45,
      39.82,
      60.37,
      59.17
    ],
    [
      26.17,
      78.1,
      61.39,
      100000.0,
      72.9,
      49.24,
      100000.0,
      62.17,
      100000.0,
      18.44,
      100000.0,
      39.01,
      56.29,
      59.36,
      100000.0,
      93.04,
      38.42,
      100000.0,
      42.19,
      88.53,
      100000.0,
      30.81,
      65.74,
      100000.0,
      2.24,
      7.21,
      101.83,
      107.2,
      82.86,
      78.79,
      49.24,
      54.23,
      90.25,
      87.28,
      62.82,
      60.08,
      89.02,
      85.38
    ],
    [
      68.62,
      26.0,
      58.18,
      100000.0,
      56.8,
      60.07,
      100000.0,
      59.2,
      100000.0,
      90.0,
      100000.0,
      60.88,
      59.54,
      52.95,
      93.04,
      100000.0,
      60.83,
      100000.0,
      80.02,
      19.1,
      100000.0,
      63.29,
      27.31,
      100000.0,
      95.27,
      94.34,
      19.03,
      24.08,
      10.63,
      14.42,
      71.56,
      69.84,
      64.07,
      67.01,
      33.97,
      34.21,
      17.12,
      20.02
    ],
    [
      13.0,
      41.18,
      56.08,
      100000.0,
      36.14,
      13.0,
      100000.0,
      26.17,
      100000.0,
      45.61,
      100000.0,
      34.44,
      52.2,
      21.54,
      38.42,
      60.83,
      100000.0,
      100000.0,
      23.32,
      62.65,
      100000.0,
      23.77,
      35.01,
      100000.0,
      40.46,
      36.88,
      65.74,
      70.71,
      52.09,
      48.04,
      54.23,
      57.25,
      82.98,
      82.04,
      39.92,
      34.79,
      62.39,
      59.84
    ],
    [
      100000.0,
      100000.0,
      100000.0,
      100000.0,
      100000.0,
      100000.0,
      100000.0,
      100000.0,
      100000.0,
      100000.0,
      100000.0,
      100000.0,
      100000.0,
      100000.0,
      100000.0,
      100000.0,
      100000.0,
      100000.0,
      100000.0,
      100000.0,
      100000.0,
      100000.0,
      100000.0,
      100000.0,
      100000.0,
      100000.0,
      100000.0,
      100000.0,
      100000.0,
      100000.0,
      100000.0,
      100000.0,
      100000.0,
      100000.0,
      100000.0,
      100000.0,
      100000.0,
      100000.0
    ],
    [
      28.3,
      56.57,
      78.49,
      100000.0,
      37.01,
      20.02,
      100000.0,
      26.93,
      100000.0,
      56.57,
      100000.0,
      55.44,
      74.28,
      29.12,
      42.19,
      80.02,
      23.32,
      100000.0,
      100000.0,
      84.65,
      100000.0,
      43.6,
      56.52,
      100000.0,
      43.42,
      36.88,
      80.81,
      84.9,
      72.56,
      68.73,
      74.33,
      78.01,
      106.04,
      104.89,
      63.07,
      57.78,
      84.17,
      82.01
    ],
    [
      67.07,
      38.95,
      42.8,
      100000.0,
      68.88,
      65.79,
      100000.0,
      68.6,
      100000.0,
      81.86,
      100000.0,
      51.89,
      45.28,
      61.29,
      88.53,
      19.1,
      62.65,
      100000.0,
      84.65,
      100000.0,
      100000.0,
      57.72,
      28.16,
      100000.0,
      90.71,
      91.24,
      38.12,
      43.0,
      15.62,
      17.8,
      57.98,
      55.32,
      45.01,
      48.09,
      25.71,
      29.07,
      2.0,
      3.16
    ],
    [
      100000.0,
      100000.0,
      100000.0,
      100000.0,
      100000.0,
      100000.0,
      100000.0,
      100000.0,
      100000.0,
      100000.0,
      100000.0,
      100000.0,
      100000.0,
      100000.0,
      100000.0,
      100000.0,
      100000.0,
      100000.0,
      100000.0,
      100000.0,
      100000.0,
      100000.0,
      100000.0,
      100000.0,
      100000.0,
      100000.0,
      100000.0,
      100000.0,
      100000.0,
      100000.0,
      100000.0,
      100000.0,
      100000.0,
      100000.0,
      100000.0,
      100000.0,
      100000.0,
      100000.0
    ],
    [
      15.56,
      52.43,
      36.06,
      100000.0,
      58.08,
      36.5,
      100000.0,
      49.09,
      100000.0,
      27.66,
      100000.0,
      12.04,
      31.4,
      43.05,
      30.81,
      63.29,
      23.77,
      100000.0,
      43.6,
      57.72,
      100000.0,
      100000.0,
      36.4,
      100000.0,
      32.98,
      34.01,
      74.25,
      79.91,
      52.84,
      48.88,
      30.89,
      34.41,
      64.88,
      62.97,
      32.02,
      29.55,
      58.24,
      54.57
    ],
    [
      41.48,
      21.02,
      42.01,
      100000.0,
      44.41,
      37.7,
      100000.0,
      41.87,
      100000.0,
      63.7,
      100000.0,
      36.06,
      41.19,
      34.21,
      65.74,
      27.31,
      35.01,
      100000.0,
      56.52,
      28.16,
      100000.0,
      36.4,
      100000.0,
      100000.0,
      67.98,
      67.07,
      38.42,
      44.2,
      17.46,
      13.34,
      50.96,
      50.8,
      59.94,
      60.93,
      14.14,
      10.2,
      27.66,
      25.63
    ],
    [
      100000.0,
      100000.0,
      100000.0,
      100000.0,
      100000.0,
      100000.0,
      100000.0,
      100000.0,
      100000.0,
      100000.0,
      100000.0,
      100000.0,
      100000.0,
      100000.0,
      100000.0,
      100000.0,
      100000.0,
      100000.0,
      100000.0,
      100000.0,
      100000.0,
      100000.0,
      100000.0,
      100000.0,
      100000.0,
      100000.0,
      100000.0,
      100000.0,
      100000.0,
      100000.0,
      100000.0,
      100000.0,
      100000.0,
      100000.0,
      100000.0,
      100000.0,
      100000.0,
      100000.0
    ],
    [
      28.32,
      80.28,
      63.15,
      100000.0,
      74.71,
      51.11,
      100000.0,
      63.95,
      100000.0,
      19.1,
      100000.0,
      41.0,
      58.05,
      61.29,
      2.24,
      95.27,
      40.46,
      100000.0,
      43.42,
      90.71,
      100000.0,
      32.98,
      67.98,
      100000.0,
      100000.0,
      7.28,
      104.04,
      109.4,
      85.09,
      81.02,
      50.7,
      55.71,
      91.92,
      88.89,
      65.0,
      62.3,
      91.21,
      87.56
    ],
    [
      25.94,
      77.67,
      66.76,
      100000.0,
      69.64,
      46.4,
      100000.0,
      58.83,
      100000.0,
      25.61,
      100000.0,
      43.57,
      61.68,
      56.85,
      7.21,
      94.34,
      36.88,
      100000.0,
      36.88,
      91.24,
      100000.0,
      34.01,
      67.07,
      100000.0,
      7.28,
      100000.0,
      101.87,
      107.07,
      84.43,
      80.32,
      55.47,
      60.37,
      95.82,
      93.05,
      65.62,
      62.37,
      91.59,
      88.12
    ],
    [
      76.01,
      24.7,
      75.58,
      100000.0,
      50.36,
      61.13,
      100000.0,
      56.08,
      100000.0,
      101.83,
      100000.0,
      74.4,
      76.32,
      51.79,
      101.83,
      19.03,
      65.74,
      100000.0,
      80.81,
      38.12,
      100000.0,
      74.25,
      38.42,
      100000.0,
      104.04,
      101.87,
      100000.0,
      5.83,
      26.93,
      29.15,
      87.66,
      86.54,
      83.1,
      86.0,
      49.19,
      47.71,
      36.12,
      39.0
    ],
    [
      81.27,
      29.53,
      81.27,
      100000.0,
      53.01,
      65.46,
      100000.0,
      59.54,
      100000.0,
      107.52,
      100000.0,
      80.21,
      82.08,
      55.79,
      107.2,
      24.08,
      70.71,
      100000.0,
      84.9,
      43.0,
      100000.0,
      79.91,
      44.2,
      100000.0,
      109.4,
      107.07,
      5.83,
      100000.0,
      32.57,
      34.93,
      93.47,
      92.31,
      88.01,
      91.05,
      55.01,
      53.54,
      41.0,
      44.1
    ],
    [
      58.94,
      23.35,
      48.7,
      100000.0,
      53.6,
      52.95,
      100000.0,
      54.13,
      100000.0,
      79.4,
      100000.0,
      50.25,
      49.66,
      47.17,
      82.86,
      10.63,
      52.09,
      100000.0,
      72.56,
      15.62,
      100000.0,
      52.84,
      17.46,
      100000.0,
      85.09,
      84.43,
      26.93,
      32.57,
      100000.0,
      4.12,
      61.4,
      59.93,
      58.05,
      60.41,
      23.43,
      23.6,
      14.14,
      14.76
    ],
    [
      54.82,
      21.63,
      46.57,
      100000.0,
      51.09,
      49.24,
      100000.0,
      51.0,
      100000.0,
      75.6,
      100000.0,
      46.67,
      47.17,
      43.86,
      78.79,
      14.42,
      48.04,
      100000.0,
      68.73,
      17.8,
      100000.0,
      48.88,
      13.34,
      100000.0,
      81.02,
      80.32,
      29.15,
      34.93,
      4.12,
      100000.0,
      58.59,
      57.38,
      57.97,
      60.02,
      20.25,
      19.85,
      16.64,
      16.28
    ],
    [
      46.04,
      71.59,
      16.55,
      100000.0,
      85.84,
      66.41,
      100000.0,
      78.1,
      100000.0,
      33.54,
      100000.0,
      19.92,
      12.81,
      71.2,
      49.24,
      71.56,
      54.23,
      100000.0,
      74.33,
      57.98,
      100000.0,
      30.89,
      50.96,
      100000.0,
      50.7,
      55.47,
      87.66,
      93.47,
      61.4,
      58.59,
      100000.0,
      5.1,
      42.19,
      38.64,
      38.48,
      40.8,
      59.41,
      55.17
    ],
    [
      49.82,
      71.7,
      12.81,
      100000.0,
      87.66,
      69.08,
      100000.0,
      80.36,
      100000.0,
      38.64,
      100000.0,
      22.83,
      10.3,
      73.25,
      54.23,
      69.84,
      57.25,
      100000.0,
      78.01,
      55.32,
      100000.0,
      34.41,
      50.8,
      100000.0,
      55.71,
      60.37,
      86.54,
      92.31,
      59.93,
      57.38,
      5.1,
      100000.0,
      37.12,
      33.54,
      37.64,
      40.61,
      56.85,
      52.63
    ],
    [
      79.92,
      78.77,
      29.15,
      100000.0,
      104.1,
      91.97,
      100000.0,
      100.0,
      100000.0,
      75.66,
      100000.0,
      53.23,
      34.18,
      92.2,
      90.25,
      64.07,
      82.98,
      100000.0,
      106.04,
      45.01,
      100000.0,
      64.88,
      59.94,
      100000.0,
      91.92,
      95.82,
      83.1,
      88.01,
      58.05,
      57.97,
      42.19,
      37.12,
      100000.0,
      5.0,
      46.87,
      52.43,
      47.01,
      44.18
    ],
    [
      78.24,
      80.36,
      26.93,
      100000.0,
      104.71,
      91.55,
      100000.0,
      100.12,
      100000.0,
      72.18,
      100000.0,
      51.11,
      31.76,
      92.36,
      87.28,
      67.01,
      82.04,
      100000.0,
      104.89,
      48.09,
      100000.0,
      62.97,
      60.93,
      100000.0,
      88.89,
      93.05,
      86.0,
      91.05,
      60.41,
      60.02,
      38.64,
      33.54,
      5.0,
      100000.0,
      47.41,
      52.84,
      50.09,
      47.0
    ],
    [
      42.11,
      35.01,
      28.02,
      100000.0,
      57.31,
      46.4,
      100000.0,
      53.26,
      100000.0,
      56.94,
      100000.0,
      27.2,
      27.66,
      45.45,
      62.82,
      33.97,
      39.92,
      100000.0,
      63.07,
      25.71,
      100000.0,
      32.02,
      14.14,
      100000.0,
      65.0,
      65.62,
      49.19,
      55.01,
      23.43,
      20.25,
      38.48,
      37.64,
      46.87,
      47.41,
      100000.0,
      5.66,
      26.25,
      22.56
    ],
    [
      38.01,
      31.14,
      32.14,
      100000.0,
      51.88,
      40.8,
      100000.0,
      47.63,
      100000.0,
      55.8,
      100000.0,
      26.91,
      31.06,
      39.82,
      60.08,
      34.21,
      34.79,
      100000.0,
      57.78,
      29.07,
      100000.0,
      29.55,
      10.2,
      100000.0,
      62.3,
      62.37,
      47.71,
      53.54,
      23.6,
      19.85,
      40.8,
      40.61,
      52.43,
      52.84,
      5.66,
      100000.0,
      29.27,
      26.02
    ],
    [
      67.19,
      37.48,
      44.41,
      100000.0,
      67.62,
      65.15,
      100000.0,
      67.6,
      100000.0,
      82.73,
      100000.0,
      52.77,
      46.75,
      60.37,
      89.02,
      17.12,
      62.39,
      100000.0,
      84.17,
      2.0,
      100000.0,
      58.24,
      27.66,
      100000.0,
      91.21,
      91.59,
      36.12,
      41.0,
      14.14,
      16.64,
      59.41,
      56.85,
      47.01,
      50.09,
      26.25,
      29.27,
      100000.0,
      4.24
    ],
    [
      64.03,
      37.8,
      40.22,
      100000.0,
      67.27,
      63.32,
      100000.0,
      66.57,
      100000.0,
      78.72,
      100000.0,
      48.75,
      42.52,
      59.17,
      85.38,
      20.02,
      59.84,
      100000.0,
      82.01,
      3.16,
      100000.0,
      54.57,
      25.63,
      100000.0,
      87.56,
      88.12,
      39.0,
      44.1,
      14.76,
      16.28,
      55.17,
      52.63,
      44.18,
      47.0,
      22.56,
      26.02,
      4.24,
      100000.0
    ]
  ],
  "rob_power_matrix": [
    [
      10000.0,
      10000.0,
      10000.0,
      10000.0,
      10000.0,
      10000.0,
      10000.0,
      10000.0,
      10000.0,
      10000.0,
      10000.0,
      10000.0,
      10000.0,
      10000.0,
      10000.0,
      10000.0,
      10000.0,
      10000.0,
      10000.0,
      10000.0,
      10000.0,
      10000.0,
      10000.0,
      10000.0,
      10000.0,
      10000.0,
      10000.0,
      10000.0,
      10000.0,
      10000.0,
      10000.0,
      10000.0,
      10000.0,
      10000.0,
      10000.0,
      10000.0,
      10000.0,
      10000.0
    ],
    [
      10000.0,
      10000.0,
      10000.0,
      10000.0,
      10000.0,
      10000.0,
      10000.0,
      10000.0,
      10000.0,
      10000.0,
      10000.0,
      10000.0,
      10000.0,
      10000.0,
      10000.0,
      10000.0,
      10000.0,
      10000.0,
      10000.0,
      10000.0,
      10000.0,
      10000.0,
      10000.0,
      10000.0,
      10000.0,
      10000.0,
      10000.0,
      10000.0,
      10000.0,
      10000.0,
      10000.0,
      10000.0,
      10000.0,
      10000.0,
      10000.0,
      10000.0,
      10000.0,
      10000.0
    ],
    [
      10000.0,
      10000.0,
      10000.0,
      10000.0,
      10000.0,
      10000.0,
      10000.0,
      10000.0,
      10000.0,
      10000.0,
      10000.0,
      10000.0,
      10000.0,
      10000.0,
      10000.0,
      10000.0,
      10000.0,
      10000.0,
      10000.0,
      10000.0,
      10000.0,
      10000.0,
      10000.0,
      10000.0,
      10000.0,
      10000.0,
      10000.0,
      10000.0,
      10000.0,
      10000.0,
      10000.0,
      10000.0,
      10000.0,
      10000.0,
      10000.0,
      10000.0,
      10000.0,
      10000.0
    ],
    [
      10000.0,
      10000.0,
      10000.0,
      10000.0,
      5.1610000000000005,
      5.162,
      2.4760000000000004,
      5.239000000000001,
      1.5810000000000002,
      7.981000000000001,
      8.654000000000002,
      5.091,
      5.1080000000000005,
      4.554,
      8.276000000000002,
      1.03,
      5.1240000000000006,
      2.955,
      7.134,
      1.7800000000000002,
      6.531000000000001,
      5.300000000000001,
      1.709,
      5.984000000000001,
      8.5,
      8.415000000000001,
      2.5300000000000002,
      3.1020000000000003,
      0.22400000000000003,
      0.42400000000000004,
      6.265000000000001,
      6.133,
      6.021000000000001,
      6.251,
      2.4410000000000003,
      2.408,
      1.6280000000000001,
      1.7000000000000002
    ],
    [
      10000.0,
      10000.0,
      10000.0,
      5.1610000000000005,
      10000.0,
      2.3770000000000002,
      5.412,
      1.082,
      6.670999999999999,
      8.174,
      7.356999999999999,
      6.627,
      8.008000000000001,
      1.5030000000000001,
      7.290000000000001,
      5.68,
      3.6140000000000003,
      5.408,
      3.701,
      6.888,
      9.009,
      5.808,
      4.441,
      10.308,
      7.471,
      6.964,
      5.0360000000000005,
      5.301,
      5.36,
      5.109000000000001,
      8.584000000000001,
      8.766,
      10.41,
      10.471,
      5.731000000000001,
      5.188000000000001,
      6.7620000000000005,
      6.727
    ],
    [
      10000.0,
      10000.0,
      10000.0,
      5.162,
      2.3770000000000002,
      10000.0,
      4.28,
      1.334,
      6.357,
      5.825,
      5.022,
      4.649,
      6.313000000000001,
      1.0630000000000002,
      4.924,
      6.007000000000001,
      1.3,
      6.58,
      2.0020000000000002,
      6.579000000000001,
      7.0840000000000005,
      3.6500000000000004,
      3.7700000000000005,
      9.061,
      5.111000000000001,
      4.64,
      6.113,
      6.545999999999999,
      5.295000000000001,
      4.924,
      6.641,
      6.908,
      9.197000000000001,
      9.155,
      4.64,
      4.08,
      6.515000000000001,
      6.332000000000001
    ],
    [
      10000.0,
      10000.0,
      10000.0,
      2.4760000000000004,
      5.412,
      4.28,
      10000.0,
      4.982,
      2.648,
      5.547000000000001,
      6.476000000000001,
      2.6170000000000004,
      2.915,
      4.201,
      6.0440000000000005,
      3.471,
      3.64,
      5.354,
      5.9510000000000005,
      2.8280000000000003,
      4.245,
      2.9730000000000003,
      1.204,
      4.909000000000001,
      6.264,
      6.297000000000001,
      4.888000000000001,
      5.471,
      2.408,
      2.052,
      3.922,
      3.883,
      5.022,
      5.061,
      0.361,
      0.22400000000000003,
      2.8640000000000003,
      2.5180000000000002
    ],
    [
      10000.0,
      10000.0,
      10000.0,
      5.239000000000001,
      1.082,
      1.334,
      4.982,
      10000.0,
      6.6370000000000005,
      7.159000000000001,
      6.277000000000001,
      5.825,
      7.354000000000001,
      0.781,
      6.2170000000000005,
      5.920000000000001,
      2.6170000000000004,
      6.03,
      2.693,
      6.859999999999999,
      8.246,
      4.909000000000001,
      4.187,
      9.881,
      6.3950000000000005,
      5.883,
      5.6080000000000005,
      5.954000000000001,
      5.413,
      5.1000000000000005,
      7.81,
      8.036,
      10.0,
      10.012,
      5.3260000000000005,
      4.763000000000001,
      6.76,
      6.657
    ],
    [
      10000.0,
      10000.0,
      10000.0,
      1.5810000000000002,
      6.670999999999999,
      6.357,
      2.648,
      6.6370000000000005,
      10000.0,
      8.05,
      9.122,
      5.054,
      4.469,
      5.906000000000001,
      8.683,
      1.8,
      6.053000000000001,
      4.011,
      8.246,
      0.22400000000000003,
      5.9030000000000005,
      5.604,
      2.596,
      4.601,
      8.902,
      8.944,
      3.701,
      4.205,
      1.36,
      1.562,
      5.731000000000001,
      5.482,
      4.61,
      4.901,
      2.404,
      2.7170000000000005,
      0.22400000000000003,
      0.22400000000000003
    ],
    [
      10000.0,
      10000.0,
      10000.0,
      7.981000000000001,
      8.174,
      5.825,
      5.547000000000001,
      7.159000000000001,
      8.05,
      10000.0,
      2.3350000000000004,
      2.997,
      4.305,
      6.705,
      1.8440000000000003,
      9.0,
      4.561,
      10.678,
      5.657,
      8.186,
      3.64,
      2.766,
      6.370000000000001,
      7.368000000000001,
      1.9100000000000001,
      2.561,
      10.183,
      10.752,
      7.940000000000001,
      7.56,
      3.354,
      3.8640000000000003,
      7.566,
      7.218000000000001,
      5.694,
      5.58,
      8.273000000000001,
      7.872
    ],
    [
      10000.0,
      10000.0,
      10000.0,
      8.654000000000002,
      7.356999999999999,
      5.022,
      6.476000000000001,
      6.277000000000001,
      9.122,
      2.3350000000000004,
      10000.0,
      4.41,
      6.1610000000000005,
      6.061,
      0.539,
      9.677,
      4.031000000000001,
      10.984000000000002,
      4.1000000000000005,
      9.296,
      5.814,
      3.536,
      6.946,
      9.368,
      0.42400000000000004,
      0.41200000000000003,
      10.485,
      11.011000000000001,
      8.673,
      8.264000000000001,
      5.463000000000001,
      5.962,
      9.56,
      9.266,
      6.727,
      6.429000000000001,
      9.339,
      8.982
    ],
    [
      10000.0,
      10000.0,
      10000.0,
      5.091,
      6.627,
      4.649,
      2.6170000000000004,
      5.825,
      5.054,
      2.997,
      4.41,
      10000.0,
      1.9420000000000002,
      5.148,
      3.901,
      6.088000000000001,
      3.444,
      7.920000000000001,
      5.5440000000000005,
      5.189,
      2.4350000000000005,
      1.204,
      3.6060000000000003,
      5.143000000000001,
      4.1000000000000005,
      4.357,
      7.440000000000001,
      8.020999999999999,
      5.025,
      4.667000000000001,
      1.9920000000000002,
      2.283,
      5.323,
      5.111000000000001,
      2.72,
      2.6910000000000003,
      5.277000000000001,
      4.875
    ],
    [
      10000.0,
      10000.0,
      10000.0,
      5.1080000000000005,
      8.008000000000001,
      6.313000000000001,
      2.915,
      7.354000000000001,
      4.469,
      4.305,
      6.1610000000000005,
      1.9420000000000002,
      10000.0,
      6.6129999999999995,
      5.6290000000000004,
      5.954000000000001,
      5.220000000000001,
      8.062000000000001,
      7.428000000000001,
      4.5280000000000005,
      1.4420000000000002,
      3.14,
      4.119,
      3.2310000000000003,
      5.805,
      6.168,
      7.632,
      8.208,
      4.966,
      4.7170000000000005,
      1.2810000000000001,
      1.03,
      3.418,
      3.176,
      2.766,
      3.106,
      4.675,
      4.252000000000001
    ],
    [
      10000.0,
      10000.0,
      10000.0,
      4.554,
      1.5030000000000001,
      1.0630000000000002,
      4.201,
      0.781,
      5.906000000000001,
      6.705,
      6.061,
      5.148,
      6.6129999999999995,
      10000.0,
      5.936,
      5.295000000000001,
      2.154,
      5.6290000000000004,
      2.9120000000000004,
      6.1290000000000004,
      7.550000000000001,
      4.305,
      3.4210000000000003,
      9.102,
      6.1290000000000004,
      5.6850000000000005,
      5.179,
      5.579000000000001,
      4.7170000000000005,
      4.386,
      7.120000000000001,
      7.325,
      9.22,
      9.236,
      4.545000000000001,
      3.982,
      6.037,
      5.917000000000001
    ],
    [
      10000.0,
      10000.0,
      10000.0,
      8.276000000000002,
      7.290000000000001,
      4.924,
      6.0440000000000005,
      6.2170000000000005,
      8.683,
      1.8440000000000003,
      0.539,
      3.901,
      5.6290000000000004,
      5.936,
      10000.0,
      9.304,
      3.8420000000000005,
      10.683,
      4.219,
      8.853,
      5.277000000000001,
      3.081,
      6.574,
      8.831999999999999,
      0.22400000000000003,
      0.7210000000000001,
      10.183,
      10.72,
      8.286,
      7.879000000000001,
      4.924,
      5.423,
      9.025,
      8.728,
      6.282,
      6.008,
      8.902,
      8.538
    ],
    [
      10000.0,
      10000.0,
      10000.0,
      1.03,
      5.68,
      6.007000000000001,
      3.471,
      5.920000000000001,
      1.8,
      9.0,
      9.677,
      6.088000000000001,
      5.954000000000001,
      5.295000000000001,
      9.304,
      10000.0,
      6.083,
      2.22,
      8.002,
      1.9100000000000001,
      7.393000000000001,
      6.329000000000001,
      2.731,
      6.401000000000001,
      9.527,
      9.434000000000001,
      1.9030000000000002,
      2.408,
      1.0630000000000002,
      1.4420000000000002,
      7.156000000000001,
      6.984000000000001,
      6.407,
      6.7010000000000005,
      3.3970000000000002,
      3.4210000000000003,
      1.7120000000000002,
      2.0020000000000002
    ],
    [
      10000.0,
      10000.0,
      10000.0,
      5.1240000000000006,
      3.6140000000000003,
      1.3,
      3.64,
      2.6170000000000004,
      6.053000000000001,
      4.561,
      4.031000000000001,
      3.444,
      5.220000000000001,
      2.154,
      3.8420000000000005,
      6.083,
      10000.0,
      7.066,
      2.3320000000000003,
      6.265000000000001,
      5.869,
      2.3770000000000002,
      3.501,
      8.147,
      4.046,
      3.6880000000000006,
      6.574,
      7.071,
      5.2090000000000005,
      4.804,
      5.423,
      5.7250000000000005,
      8.298,
      8.204,
      3.9920000000000004,
      3.479,
      6.239000000000001,
      5.984000000000001
    ],
    [
      10000.0,
      10000.0,
      10000.0,
      2.955,
      5.408,
      6.58,
      5.354,
      6.03,
      4.011,
      10.678,
      10.984000000000002,
      7.920000000000001,
      8.062000000000001,
      5.6290000000000004,
      10.683,
      2.22,
      7.066,
      10000.0,
      8.538,
      4.101,
      9.485,
      7.920999999999999,
      4.328,
      8.602,
      10.904000000000002,
      10.685,
      0.5,
      0.22400000000000003,
      3.1020000000000003,
      3.354,
      9.213,
      9.087000000000002,
      8.6,
      8.909,
      5.371,
      5.243,
      3.901,
      4.219
    ],
    [
      10000.0,
      10000.0,
      10000.0,
      7.134,
      3.701,
      2.0020000000000002,
      5.9510000000000005,
      2.693,
      8.246,
      5.657,
      4.1000000000000005,
      5.5440000000000005,
      7.428000000000001,
      2.9120000000000004,
      4.219,
      8.002,
      2.3320000000000003,
      8.538,
      10000.0,
      8.465000000000002,
      7.877,
      4.36,
      5.652000000000001,
      10.448,
      4.3420000000000005,
      3.6880000000000006,
      8.081000000000001,
      8.49,
      7.256,
      6.873000000000001,
      7.433,
      7.801000000000001,
      10.604000000000001,
      10.489,
      6.307,
      5.7780000000000005,
      8.417,
      8.201
    ],
    [
      10000.0,
      10000.0,
      10000.0,
      1.7800000000000002,
      6.888,
      6.579000000000001,
      2.8280000000000003,
      6.859999999999999,
      0.22400000000000003,
      8.186,
      9.296,
      5.189,
      4.5280000000000005,
      6.1290000000000004,
      8.853,
      1.9100000000000001,
      6.265000000000001,
      4.101,
      8.465000000000002,
      10000.0,
      5.955,
      5.772,
      2.8160000000000003,
      4.501,
      9.071,
      9.124,
      3.812,
      4.3,
      1.562,
      1.7800000000000002,
      5.798,
      5.532,
      4.501,
      4.809000000000001,
      2.571,
      2.907,
      0.2,
      0.31600000000000006
    ],
    [
      10000.0,
      10000.0,
      10000.0,
      6.531000000000001,
      9.009,
      7.0840000000000005,
      4.245,
      8.246,
      5.9030000000000005,
      3.64,
      5.814,
      2.4350000000000005,
      1.4420000000000002,
      7.550000000000001,
      5.277000000000001,
      7.393000000000001,
      5.869,
      9.485,
      7.877,
      5.955,
      10000.0,
      3.536,
      5.434000000000001,
      3.8000000000000003,
      5.413,
      5.917000000000001,
      9.047,
      9.625,
      6.3950000000000005,
      6.133,
      0.447,
      0.42400000000000004,
      4.0,
      3.612,
      4.144,
      4.415,
      6.107,
      5.6850000000000005
    ],
    [
      10000.0,
      10000.0,
      10000.0,
      5.300000000000001,
      5.808,
      3.6500000000000004,
      2.9730000000000003,
      4.909000000000001,
      5.604,
      2.766,
      3.536,
      1.204,
      3.14,
      4.305,
      3.081,
      6.329000000000001,
      2.3770000000000002,
      7.920999999999999,
      4.36,
      5.772,
      3.536,
      10000.0,
      3.64,
      6.313000000000001,
      3.298,
      3.401,
      7.425000000000001,
      7.991,
      5.284000000000001,
      4.888000000000001,
      3.0890000000000004,
      3.441,
      6.4879999999999995,
      6.297000000000001,
      3.2020000000000004,
      2.955,
      5.824000000000001,
      5.457000000000001
    ],
    [
      10000.0,
      10000.0,
      10000.0,
      1.709,
      4.441,
      3.7700000000000005,
      1.204,
      4.187,
      2.596,
      6.370000000000001,
      6.946,
      3.6060000000000003,
      4.119,
      3.4210000000000003,
      6.574,
      2.731,
      3.501,
      4.328,
      5.652000000000001,
      2.8160000000000003,
      5.434000000000001,
      3.64,
      10000.0,
      5.9030000000000005,
      6.798000000000001,
      6.707,
      3.8420000000000005,
      4.420000000000001,
      1.7460000000000002,
      1.334,
      5.096,
      5.08,
      5.994,
      6.093,
      1.4140000000000001,
      1.02,
      2.766,
      2.563
    ],
    [
      10000.0,
      10000.0,
      10000.0,
      5.984000000000001,
      10.308,
      9.061,
      4.909000000000001,
      9.881,
      4.601,
      7.368000000000001,
      9.368,
      5.143000000000001,
      3.2310000000000003,
      9.102,
      8.831999999999999,
      6.401000000000001,
      8.147,
      8.602,
      10.448,
      4.501,
      3.8000000000000003,
      6.313000000000001,
      5.9030000000000005,
      10000.0,
      8.999,
      9.392000000000001,
      8.302,
      8.801,
      5.771000000000001,
      5.7490000000000006,
      4.0200000000000005,
      3.5130000000000003,
      0.2,
      0.361,
      4.579,
      5.131,
      4.701,
      4.405
    ],
    [
      10000.0,
      10000.0,
      10000.0,
      8.5,
      7.471,
      5.111000000000001,
      6.264,
