{
  "name": "M-d4-n10-k1-p2",
  "V_coordinates": [
    [
      73,
      50
    ],
    [
      50,
      87
    ],
    [
      15,
      50
    ],
    [
      50,
      25
    ],
    [
      36,
      56
    ],
    [
      69,
      59
    ],
    [
      17,
      67
    ],
    [
      9,
      66
    ],
    [
      33,
      63
    ],
    [
      97,
      96
    ],
    [
      28,
      85
    ],
    [
      20,
      47
    ],
    [
      59,
      97
    ],
    [
      68,
      69
    ],
    [
      68,
      75
    ],
    [
      34,
      49
    ],
    [
      65,
      88
    ],
    [
      8,
      54
    ],
    [
      55,
      80
    ],
    [
      80,
      18
    ],
    [
      97,
      34
    ],
    [
      42,
      7
    ],
    [
      53,
      31
    ],
    [
      58,
      76
    ],
    [
      29,
      43
    ],
    [
      60,
      82
    ],
    [
      92,
      32
    ],
    [
      8,
      72
    ],
    [
      68,
      62
    ],
    [
      34,
      91
    ],
    [
      5,
      94
    ],
    [
      88,
      74
    ],
    [
      6,
      53
    ],
    [
      27,
      51
    ],
    [
      45,
      8
    ],
    [
      87,
      17
    ],
    [
      62,
      39
    ],
    [
      33,
      61
    ],
    [
      97,
      42
    ],
    [
      69,
      90
    ],
    [
      41,
      80
    ],
    [
      58,
      90
    ],
    [
      75,
      94
    ],
    [
      7,
      8
    ],
    [
      4,
      71
    ],
    [
      8,
      75
    ],
    [
      99,
      94
    ],
    [
      98,
      99
    ],
    [
      62,
      41
    ],
    [
      58,
      37
    ],
    [
      30,
      82
    ],
    [
      29,
      86
    ],
    [
      72,
      75
    ],
    [
      68,
      76
    ],
    [
      31,
      59
    ],
    [
      34,
      62
    ],
    [
      32,
      91
    ],
    [
      33,
      95
    ],
    [
      89,
      15
    ],
    [
      88,
      20
    ],
    [
      43,
      7
    ],
    [
      49,
      7
    ],
    [
      16,
      72
    ],
    [
      19,
      65
    ],
    [
      5,
      9
    ],
    [
      12,
      8
    ],
    [
      38,
      60
    ],
    [
      40,
      55
    ],
    [
      63,
      92
    ],
    [
      65,
      86
    ]
  ],
  "V": [
    0,
    1,
    2,
    3,
    4,
    5,
    6,
    7,
    8,
    9,
    10,
    11,
    12,
    13,
    14,
    15,
    16,
    17,
    18,
    19,
    20,
    21,
    22,
    23,
    24,
    25,
    26,
    27,
    28,
    29,
    30,
    31,
    32,
    33,
    34,
    35,
    36,
    37,
    38,
    39,
    40,
    41,
    42,
    43,
    44,
    45,
    46,
    47,
    48,
    49,
    50,
    51,
    52,
    53,
    54,
    55,
    56,
    57,
    58,
    59,
    60,
    61,
    62,
    63,
    64,
    65,
    66,
    67,
    68,
    69
  ],
  "VD": [
    0,
    1,
    2,
    3
  ],
  "VC": [
    4,
    5,
    6,
    7,
    8,
    9,
    10,
    11,
    12,
    13,
    14,
    15,
    16,
    17,
    18,
    19,
    20,
    21,
    22,
    23,
    24,
    25,
    26,
    27,
    28,
    29,
    30,
    31,
    32,
    33,
    34,
    35,
    36,
    37,
    38,
    39,
    40,
    41,
    42,
    43
  ],
  "VP": [
    44,
    45,
    46,
    47,
    48,
    49,
    50,
    51,
    52,
    53,
    54,
    55,
    56,
    57,
    58,
    59,
    60,
    61,
    62,
    63,
    64,
    65,
    66,
    67,
    68,
    69
  ],
  "VC1": [
    5,
    7,
    8,
    11,
    12,
    13,
    15,
    17,
    18,
    19,
    20,
    21,
    22,
    23,
    24,
    25,
    26,
    28,
    30,
    31,
    32,
    33,
    38,
    39,
    40,
    41,
    42
  ],
  "VC2": [
    27,
    9,
    36,
    10,
    14,
    37,
    29,
    35,
    34,
    6,
    43,
    4,
    16
  ],
  "demand": [
    0,
    0,
    0,
    0,
    16,
    18,
    13,
    22,
    27,
    21,
    27,
    25,
    27,
    17,
    12,
    11,
    12,
    14,
    15,
    15,
    27,
    16,
    18,
    20,
    29,
    26,
    18,
    21,
    20,
    20,
    13,
    19,
    17,
    29,
    25,
    14,
    28,
    27,
    13,
    20,
    11,
    23,
    12,
    22,
    0,
    0,
    0,
    0,
    0,
    0,
    0,
    0,
    0,
    0,
    0,
    0,
    0,
    0,
    0,
    0,
    0,
    0,
    0,
    0,
    0,
    0,
    0,
    0,
    0,
    0
  ],
  "service_time": [
    0,
    0,
    0,
    0,
    12,
    12,
    15,
    11,
    19,
    19,
    16,
    11,
    19,
    18,
    13,
    19,
    11,
    14,
    15,
    14,
    19,
    18,
    11,
    17,
    14,
    11,
    10,
    14,
    10,
    19,
    20,
    10,
    11,
    16,
    11,
    10,
    13,
    13,
    19,
    16,
    12,
    11,
    17,
    12,
    0,
    0,
    0,
    0,
    0,
    0,
    0,
    0,
    0,
    0,
    0,
    0,
    0,
    0,
    0,
    0,
    0,
    0,
    0,
    0,
    0,
    0,
    0,
    0,
    0,
    0
  ],
  "K": [
    0,
    1,
    2,
    3
  ],
  "veh_dist_matrix": [
    [
      100000.0,
      43.57,
      58.0,
      33.97,
      100000.0,
      9.85,
      100000.0,
      65.97,
      42.06,
      100000.0,
      100000.0,
      53.08,
      49.04,
      19.65,
      100000.0,
      39.01,
      100000.0,
      65.12,
      34.99,
      32.76,
      28.84,
      53.01,
      27.59,
      30.02,
      44.55,
      34.54,
      26.17,
      100000.0,
      13.0,
      100000.0,
      80.99,
      28.3,
      67.07,
      46.01,
      100000.0,
      100000.0,
      100000.0,
      100000.0,
      25.3,
      40.2,
      43.86,
      42.72,
      44.05,
      100000.0,
      72.12,
      69.64,
      51.11,
      55.01,
      14.21,
      19.85,
      53.6,
      56.85,
      25.02,
      26.48,
      42.95,
      40.8,
      57.98,
      60.21,
      38.48,
      33.54,
      52.43,
      49.24,
      61.1,
      56.04,
      79.4,
      74.06,
      36.4,
      33.38,
      43.17,
      36.88
    ],
    [
      43.57,
      100000.0,
      50.93,
      62.0,
      100000.0,
      33.84,
      100000.0,
      46.07,
      29.41,
      100000.0,
      100000.0,
      50.0,
      13.45,
      25.46,
      100000.0,
      41.23,
      100000.0,
      53.41,
      8.6,
      75.24,
      70.84,
      80.4,
      56.08,
      13.6,
      48.75,
      11.18,
      69.2,
      100000.0,
      30.81,
      100000.0,
      45.54,
      40.16,
      55.61,
      42.72,
      100000.0,
      100000.0,
      100000.0,
      100000.0,
      65.07,
      19.24,
      11.4,
      8.54,
      25.96,
      100000.0,
      48.7,
      43.68,
      49.5,
      49.48,
      47.54,
      50.64,
      20.62,
      21.02,
      25.06,
      21.1,
      33.84,
      29.68,
      18.44,
      18.79,
      81.88,
      77.03,
      80.31,
      80.01,
      37.16,
      38.01,
      90.05,
      87.66,
      29.55,
      33.53,
      13.93,
      15.03
    ],
    [
      58.0,
      50.93,
      100000.0,
      43.01,
      100000.0,
      54.74,
      100000.0,
      17.09,
      22.2,
      100000.0,
      100000.0,
      5.83,
      64.38,
      56.3,
      100000.0,
      19.03,
      100000.0,
      8.06,
      50.0,
      72.45,
      83.55,
      50.77,
      42.49,
      50.25,
      15.65,
      55.22,
      79.08,
      100000.0,
      54.34,
      100000.0,
      45.12,
      76.84,
      9.49,
      12.04,
      100000.0,
      100000.0,
      100000.0,
      100000.0,
      82.39,
      67.2,
      39.7,
      58.73,
      74.4,
      100000.0,
      23.71,
      25.96,
      94.83,
      96.38,
      47.85,
      44.92,
      35.34,
      38.63,
      62.24,
      59.03,
      18.36,
      22.47,
      44.38,
      48.47,
      81.86,
      78.92,
      51.31,
      54.82,
      22.02,
      15.52,
      42.2,
      42.11,
      25.08,
      25.5,
      63.78,
      61.61
    ],
    [
      33.97,
      62.0,
      43.01,
      100000.0,
      100000.0,
      38.95,
      100000.0,
      57.98,
      41.63,
      100000.0,
      100000.0,
      37.2,
      72.56,
      47.54,
      100000.0,
      28.84,
      100000.0,
      51.04,
      55.23,
      30.81,
      47.85,
      19.7,
      6.71,
      51.62,
      27.66,
      57.87,
      42.58,
      100000.0,
      41.15,
      100000.0,
      82.38,
      62.01,
      52.15,
      34.71,
      100000.0,
      100000.0,
      100000.0,
      100000.0,
      49.98,
      67.72,
      55.73,
      65.49,
      73.39,
      100000.0,
      65.05,
      65.3,
      84.63,
      88.2,
      20.0,
      14.42,
      60.41,
      64.51,
      54.63,
      54.08,
      38.95,
      40.31,
      68.41,
      72.03,
      40.26,
      38.33,
      19.31,
      18.03,
      58.01,
      50.61,
      47.76,
      41.63,
      37.0,
      31.62,
      68.25,
      62.82
    ],
    [
      100000.0,
      100000.0,
      100000.0,
      100000.0,
      100000.0,
      100000.0,
      100000.0,
      100000.0,
      100000.0,
      100000.0,
      100000.0,
      100000.0,
      100000.0,
      100000.0,
      100000.0,
      100000.0,
      100000.0,
      100000.0,
      100000.0,
      100000.0,
      100000.0,
      100000.0,
      100000.0,
      100000.0,
      100000.0,
      100000.0,
      100000.0,
      100000.0,
      100000.0,
      100000.0,
      100000.0,
      100000.0,
      100000.0,
      100000.0,
      100000.0,
      100000.0,
      100000.0,
      100000.0,
      100000.0,
      100000.0,
      100000.0,
      100000.0,
      100000.0,
      100000.0,
      100000.0,
      100000.0,
      100000.0,
      100000.0,
      100000.0,
      100000.0,
      100000.0,
      100000.0,
      100000.0,
      100000.0,
      100000.0,
      100000.0,
      100000.0,
      100000.0,
      100000.0,
      100000.0,
      100000.0,
      100000.0,
      100000.0,
      100000.0,
      100000.0,
      100000.0,
      100000.0,
      100000.0,
      100000.0,
      100000.0
    ],
    [
      9.85,
      33.84,
      54.74,
      38.95,
      100000.0,
      100000.0,
      100000.0,
      60.41,
      36.22,
      100000.0,
      100000.0,
      50.45,
      39.29,
      10.05,
      100000.0,
      36.4,
      100000.0,
      61.2,
      25.24,
      42.45,
      37.54,
      58.59,
      32.25,
      20.25,
      43.08,
      24.7,
      35.47,
      100000.0,
      3.16,
      100000.0,
      72.95,
      24.21,
      63.29,
      42.76,
      100000.0,
      100000.0,
      100000.0,
      100000.0,
      32.76,
      31.0,
      35.0,
      32.89,
      35.51,
      100000.0,
      66.1,
      63.06,
      46.1,
      49.41,
      19.31,
      24.6,
      45.28,
      48.26,
      16.28,
      17.03,
      38.0,
      35.13,
      48.92,
      50.91,
      48.33,
      43.38,
      58.14,
      55.71,
      54.57,
      50.36,
      81.22,
      76.49,
      31.02,
      29.27,
      33.54,
      27.29
    ],
    [
      100000.0,
      100000.0,
      100000.0,
      100000.0,
      100000.0,
      100000.0,
      100000.0,
      100000.0,
      100000.0,
      100000.0,
      100000.0,
      100000.0,
      100000.0,
      100000.0,
      100000.0,
      100000.0,
      100000.0,
      100000.0,
      100000.0,
      100000.0,
      100000.0,
      100000.0,
      100000.0,
      100000.0,
      100000.0,
      100000.0,
      100000.0,
      100000.0,
      100000.0,
      100000.0,
      100000.0,
      100000.0,
      100000.0,
      100000.0,
      100000.0,
      100000.0,
      100000.0,
      100000.0,
      100000.0,
      100000.0,
      100000.0,
      100000.0,
      100000.0,
      100000.0,
      100000.0,
      100000.0,
      100000.0,
      100000.0,
      100000.0,
      100000.0,
      100000.0,
      100000.0,
      100000.0,
      100000.0,
      100000.0,
      100000.0,
      100000.0,
      100000.0,
      100000.0,
      100000.0,
      100000.0,
      100000.0,
      100000.0,
      100000.0,
      100000.0,
      100000.0,
      100000.0,
      100000.0,
      100000.0,
      100000.0
    ],
    [
      65.97,
      46.07,
      17.09,
      57.98,
      100000.0,
      60.41,
      100000.0,
      100000.0,
      24.19,
      100000.0,
      100000.0,
      21.95,
      58.83,
      59.08,
      100000.0,
      30.23,
      100000.0,
      12.04,
      48.08,
      85.7,
      93.64,
      67.6,
      56.22,
      50.01,
      30.48,
      53.45,
      89.69,
      100000.0,
      59.14,
      100000.0,
      28.28,
      79.4,
      13.34,
      23.43,
      100000.0,
      100000.0,
      100000.0,
      100000.0,
      91.21,
      64.62,
      34.93,
      54.56,
      71.69,
      100000.0,
      7.07,
      9.06,
      94.25,
      94.92,
      58.6,
      56.94,
      26.4,
      28.28,
      63.64,
      59.84,
      23.09,
      25.32,
      33.97,
      37.64,
      94.87,
      91.42,
      68.1,
      71.28,
      9.22,
      10.05,
      57.14,
      58.08,
      29.61,
      32.89,
      59.93,
      59.46
    ],
    [
      42.06,
      29.41,
      22.2,
      41.63,
      100000.0,
      36.22,
      100000.0,
      24.19,
      100000.0,
      100000.0,
      100000.0,
      20.62,
      42.8,
      35.51,
      100000.0,
      14.04,
      100000.0,
      26.57,
      27.8,
      65.07,
      70.26,
      56.72,
      37.74,
      28.18,
      20.4,
      33.02,
      66.65,
      100000.0,
      35.01,
      100000.0,
      41.77,
      56.09,
      28.79,
      13.42,
      100000.0,
      100000.0,
      100000.0,
      100000.0,
      67.36,
      45.0,
      18.79,
      36.8,
      52.2,
      100000.0,
      30.08,
      27.73,
      72.92,
      74.3,
      36.4,
      36.07,
      19.24,
      23.35,
      40.8,
      37.34,
      4.47,
      1.41,
      28.02,
      32.0,
      73.76,
      69.81,
      56.89,
      58.24,
      19.24,
      14.14,
      60.83,
      58.87,
      5.83,
      10.63,
      41.73,
      39.41
    ],
    [
      100000.0,
      100000.0,
      100000.0,
      100000.0,
      100000.0,
      100000.0,
      100000.0,
      100000.0,
      100000.0,
      100000.0,
      100000.0,
      100000.0,
      100000.0,
      100000.0,
      100000.0,
      100000.0,
      100000.0,
      100000.0,
      100000.0,
      100000.0,
      100000.0,
      100000.0,
      100000.0,
      100000.0,
      100000.0,
      100000.0,
      100000.0,
      100000.0,
      100000.0,
      100000.0,
      100000.0,
      100000.0,
      100000.0,
      100000.0,
      100000.0,
      100000.0,
      100000.0,
      100000.0,
      100000.0,
      100000.0,
      100000.0,
      100000.0,
      100000.0,
      100000.0,
      100000.0,
      100000.0,
      100000.0,
      100000.0,
      100000.0,
      100000.0,
      100000.0,
      100000.0,
      100000.0,
      100000.0,
      100000.0,
      100000.0,
      100000.0,
      100000.0,
      100000.0,
      100000.0,
      100000.0,
      100000.0,
      100000.0,
      100000.0,
      100000.0,
      100000.0,
      100000.0,
      100000.0,
      100000.0,
      100000.0
    ],
    [
      100000.0,
      100000.0,
      100000.0,
      100000.0,
      100000.0,
      100000.0,
      100000.0,
      100000.0,
      100000.0,
      100000.0,
      100000.0,
      100000.0,
      100000.0,
      100000.0,
      100000.0,
      100000.0,
      100000.0,
      100000.0,
      100000.0,
      100000.0,
      100000.0,
      100000.0,
      100000.0,
      100000.0,
      100000.0,
      100000.0,
      100000.0,
      100000.0,
      100000.0,
      100000.0,
      100000.0,
      100000.0,
      100000.0,
      100000.0,
      100000.0,
      100000.0,
      100000.0,
      100000.0,
      100000.0,
      100000.0,
      100000.0,
      100000.0,
      100000.0,
      100000.0,
      100000.0,
      100000.0,
      100000.0,
      100000.0,
      100000.0,
      100000.0,
      100000.0,
      100000.0,
      100000.0,
      100000.0,
      100000.0,
      100000.0,
      100000.0,
      100000.0,
      100000.0,
      100000.0,
      100000.0,
      100000.0,
      100000.0,
      100000.0,
      100000.0,
      100000.0,
      100000.0,
      100000.0,
      100000.0,
      100000.0
    ],
    [
      53.08,
      50.0,
      5.83,
      37.2,
      100000.0,
      50.45,
      100000.0,
      21.95,
      20.62,
      100000.0,
      100000.0,
      100000.0,
      63.41,
      52.8,
      100000.0,
      14.14,
      100000.0,
      13.89,
      48.1,
      66.64,
      78.09,
      45.65,
      36.67,
      47.8,
      9.85,
      53.15,
      73.55,
      100000.0,
      50.29,
      100000.0,
      49.34,
      73.16,
      15.23,
      8.06,
      100000.0,
      100000.0,
      100000.0,
      100000.0,
      77.16,
      65.19,
      39.12,
      57.38,
      72.35,
      100000.0,
      28.84,
      30.46,
      91.92,
      93.74,
      42.43,
      39.29,
      36.4,
      40.02,
      59.06,
      56.08,
      16.28,
      20.52,
      45.61,
      49.73,
      76.06,
      73.16,
      46.14,
      49.41,
      25.32,
      18.03,
      40.85,
      39.81,
      22.2,
      21.54,
      62.24,
      59.55
    ],
    [
      49.04,
      13.45,
      64.38,
      72.56,
      100000.0,
      39.29,
      100000.0,
      58.83,
      42.8,
      100000.0,
      100000.0,
      63.41,
      100000.0,
      29.41,
      100000.0,
      54.12,
      100000.0,
      66.71,
      17.46,
      81.74,
      73.57,
      91.59,
      66.27,
      21.02,
      61.77,
      15.03,
      72.9,
      100000.0,
      36.14,
      100000.0,
      54.08,
      37.01,
      68.88,
      56.04,
      100000.0,
      100000.0,
      100000.0,
      100000.0,
      66.85,
      12.21,
      24.76,
      7.07,
      16.28,
      100000.0,
      60.84,
      55.54,
      40.11,
      39.05,
      56.08,
      60.01,
      32.65,
      31.95,
      25.55,
      22.85,
      47.2,
      43.01,
      27.66,
      26.08,
      87.32,
      82.28,
      91.41,
      90.55,
      49.74,
      51.22,
      103.25,
      100.65,
      42.54,
      46.1,
      6.4,
      12.53
    ],
    [
      19.65,
      25.46,
      56.3,
      47.54,
      100000.0,
      10.05,
      100000.0,
      59.08,
      35.51,
      100000.0,
      100000.0,
      52.8,
      29.41,
      100000.0,
      100000.0,
      39.45,
      100000.0,
      61.85,
      17.03,
      52.39,
      45.45,
      67.23,
      40.85,
      12.21,
      46.87,
      15.26,
      44.1,
      100000.0,
      7.0,
      100000.0,
      67.78,
      20.62,
      64.03,
      44.78,
      100000.0,
      100000.0,
      100000.0,
      100000.0,
      39.62,
      21.02,
      29.15,
      23.26,
      25.96,
      100000.0,
      64.03,
      60.3,
      39.82,
      42.43,
      28.64,
      33.53,
      40.16,
      42.54,
      7.21,
      7.0,
      38.33,
      34.71,
      42.19,
      43.6,
      57.94,
      52.92,
      66.85,
      64.85,
      52.09,
      49.16,
      87.0,
      82.81,
      31.32,
      31.3,
      23.54,
      17.26
    ],
    [
      100000.0,
      100000.0,
      100000.0,
      100000.0,
      100000.0,
      100000.0,
      100000.0,
      100000.0,
      100000.0,
      100000.0,
      100000.0,
      100000.0,
      100000.0,
      100000.0,
      100000.0,
      100000.0,
      100000.0,
      100000.0,
      100000.0,
      100000.0,
      100000.0,
      100000.0,
      100000.0,
      100000.0,
      100000.0,
      100000.0,
      100000.0,
      100000.0,
      100000.0,
      100000.0,
      100000.0,
      100000.0,
      100000.0,
      100000.0,
      100000.0,
      100000.0,
      100000.0,
      100000.0,
      100000.0,
      100000.0,
      100000.0,
      100000.0,
      100000.0,
      100000.0,
      100000.0,
      100000.0,
      100000.0,
      100000.0,
      100000.0,
      100000.0,
      100000.0,
      100000.0,
      100000.0,
      100000.0,
      100000.0,
      100000.0,
      100000.0,
      100000.0,
      100000.0,
      100000.0,
      100000.0,
      100000.0,
      100000.0,
      100000.0,
      100000.0,
      100000.0,
      100000.0,
      100000.0,
      100000.0,
      100000.0
    ],
    [
      39.01,
      41.23,
      19.03,
      28.84,
      100000.0,
      36.4,
      100000.0,
      30.23,
      14.04,
      100000.0,
      100000.0,
      14.14,
      54.12,
      39.45,
      100000.0,
      100000.0,
      100000.0,
      26.48,
      37.44,
      55.47,
      64.76,
      42.76,
      26.17,
      36.12,
      7.81,
      42.01,
      60.44,
      100000.0,
      36.4,
      100000.0,
      53.54,
      59.51,
      28.28,
      7.28,
      100000.0,
      100000.0,
      100000.0,
      100000.0,
      63.39,
      53.91,
      31.78,
      47.51,
      60.88,
      100000.0,
      37.2,
      36.77,
      79.06,
      81.22,
      29.12,
      26.83,
      33.24,
      37.34,
      46.04,
      43.42,
      10.44,
      13.0,
      42.05,
      46.01,
      64.66,
      61.29,
      42.95,
      44.6,
      29.21,
      21.93,
      49.41,
      46.53,
      11.7,
      8.49,
      51.87,
      48.27
    ],
    [
      100000.0,
      100000.0,
      100000.0,
      100000.0,
      100000.0,
      100000.0,
      100000.0,
      100000.0,
      100000.0,
      100000.0,
      100000.0,
      100000.0,
      100000.0,
      100000.0,
      100000.0,
      100000.0,
      100000.0,
      100000.0,
      100000.0,
      100000.0,
      100000.0,
      100000.0,
      100000.0,
      100000.0,
      100000.0,
      100000.0,
      100000.0,
      100000.0,
      100000.0,
      100000.0,
      100000.0,
      100000.0,
      100000.0,
      100000.0,
      100000.0,
      100000.0,
      100000.0,
      100000.0,
      100000.0,
      100000.0,
      100000.0,
      100000.0,
      100000.0,
      100000.0,
      100000.0,
      100000.0,
      100000.0,
      100000.0,
      100000.0,
      100000.0,
      100000.0,
      100000.0,
      100000.0,
      100000.0,
      100000.0,
      100000.0,
      100000.0,
      100000.0,
      100000.0,
      100000.0,
      100000.0,
      100000.0,
      100000.0,
      100000.0,
      100000.0,
      100000.0,
      100000.0,
      100000.0,
      100000.0,
      100000.0
    ],
    [
      65.12,
      53.41,
      8.06,
      51.04,
      100000.0,
      61.2,
      100000.0,
      12.04,
      26.57,
      100000.0,
      100000.0,
      13.89,
      66.71,
      61.85,
      100000.0,
      26.48,
      100000.0,
      100000.0,
      53.71,
      80.5,
      91.22,
      58.01,
      50.54,
      54.63,
      23.71,
      59.06,
      86.83,
      100000.0,
      60.53,
      100000.0,
      40.11,
      82.46,
      2.24,
      19.24,
      100000.0,
      100000.0,
      100000.0,
      100000.0,
      89.81,
      70.83,
      42.01,
      61.61,
      78.03,
      100000.0,
      17.46,
      21.0,
      99.4,
      100.62,
      55.54,
      52.81,
      35.61,
      38.28,
      67.36,
      63.91,
      23.54,
      27.2,
      44.1,
      48.02,
      89.9,
      86.93,
      58.6,
      62.37,
      19.7,
      15.56,
      45.1,
      46.17,
      30.59,
      32.02,
      66.85,
      65.37
    ],
    [
      34.99,
      8.6,
      50.0,
      55.23,
      100000.0,
      25.24,
      100000.0,
      48.08,
      27.8,
      100000.0,
      100000.0,
      48.1,
      17.46,
      17.03,
      100000.0,
      37.44,
      100000.0,
      53.71,
      100000.0,
      66.85,
      62.29,
      74.15,
      49.04,
      5.0,
      45.22,
      5.39,
      60.61,
      100000.0,
      22.2,
      100000.0,
      51.92,
      33.54,
      55.95,
      40.31,
      100000.0,
      100000.0,
      100000.0,
      100000.0,
      56.64,
      17.2,
      14.0,
      10.44,
      24.41,
      100000.0,
      51.79,
      47.27,
      46.17,
      47.01,
      39.62,
      43.1,
      25.08,
      26.68,
      17.72,
      13.6,
      31.89,
      27.66,
      25.5,
      26.63,
      73.36,
      68.48,
      73.98,
      73.25,
      39.81,
      39.0,
      86.84,
      83.86,
      26.25,
      29.15,
      14.42,
      11.66
    ],
    [
      32.76,
      75.24,
      72.45,
      30.81,
      100000.0,
      42.45,
      100000.0,
      85.7,
      65.07,
      100000.0,
      100000.0,
      66.64,
      81.74,
      52.39,
      100000.0,
      55.47,
      100000.0,
      80.5,
      66.85,
      100000.0,
      23.35,
      39.56,
      29.97,
      62.03,
      56.8,
      67.05,
      18.44,
      100000.0,
      45.61,
      100000.0,
      106.78,
      56.57,
      81.86,
      62.43,
      100000.0,
      100000.0,
      100000.0,
      100000.0,
      29.41,
      72.84,
      73.25,
      75.29,
      76.16,
      100000.0,
      92.66,
      91.83,
      78.34,
      82.98,
      29.21,
      29.07,
      81.22,
      85.0,
      57.56,
      59.23,
      63.89,
      63.66,
      87.37,
      90.21,
      9.49,
      8.25,
      38.6,
      32.89,
      83.74,
      77.01,
      75.54,
      68.73,
      59.4,
      54.49,
      75.93,
      69.63
    ],
    [
      28.84,
      70.84,
      83.55,
      47.85,
      100000.0,
      37.54,
      100000.0,
      93.64,
      70.26,
      100000.0,
      100000.0,
      78.09,
      73.57,
      45.45,
      100000.0,
      64.76,
      100000.0,
      91.22,
      62.29,
      23.35,
      100000.0,
      61.27,
      44.1,
      57.31,
      68.59,
      60.61,
      5.39,
      100000.0,
      40.31,
      100000.0,
      109.84,
      41.0,
      92.96,
      72.03,
      100000.0,
      100000.0,
      100000.0,
      100000.0,
      8.0,
      62.61,
      72.47,
      68.24,
      63.91,
      100000.0,
      100.09,
      97.99,
      60.03,
      65.01,
      35.69,
      39.12,
      82.42,
      85.6,
      48.02,
      51.04,
      70.58,
      68.94,
      86.45,
      88.41,
      20.62,
      16.64,
      60.37,
      55.07,
      89.47,
      83.93,
      95.34,
      88.89,
      64.47,
      60.75,
      67.23,
      61.06
    ],
    [
      53.01,
      80.4,
      50.77,
      19.7,
      100000.0,
      58.59,
      100000.0,
      67.6,
      56.72,
      100000.0,
      100000.0,
      45.65,
      91.59,
      67.23,
      100000.0,
      42.76,
      100000.0,
      58.01,
      74.15,
      39.56,
      61.27,
      100000.0,
      26.4,
      70.83,
      38.28,
      77.13,
      55.9,
      100000.0,
      60.84,
      100000.0,
      94.54,
      81.27,
      58.41,
      46.49,
      100000.0,
      100000.0,
      100000.0,
      100000.0,
      65.19,
      87.28,
      73.01,
      84.53,
      93.05,
      100000.0,
      74.43,
      76.03,
      104.01,
      107.7,
      39.45,
      34.0,
      75.95,
      80.06,
      74.32,
      73.74,
      53.15,
      55.58,
      84.59,
      88.46,
      47.68,
      47.8,
      1.0,
      7.0,
      70.01,
      62.39,
      37.05,
      30.02,
      53.15,
      48.04,
      87.56,
      82.28
    ],
    [
      27.59,
      56.08,
      42.49,
      6.71,
      100000.0,
      32.25,
      100000.0,
      56.22,
      37.74,
      100000.0,
      100000.0,
      36.67,
      66.27,
      40.85,
      100000.0,
      26.17,
      100000.0,
      50.54,
      49.04,
      29.97,
      44.1,
      26.4,
      100000.0,
      45.28,
      26.83,
      51.48,
      39.01,
      100000.0,
      34.44,
      100000.0,
      79.2,
      55.44,
      51.89,
      32.8,
      100000.0,
      100000.0,
      100000.0,
      100000.0,
      45.35,
      61.13,
      50.45,
      59.21,
      66.73,
      100000.0,
      63.25,
      62.94,
      78.01,
      81.54,
      13.45,
      7.81,
      55.95,
      60.01,
      47.93,
      47.43,
      35.61,
      36.36,
      63.57,
      67.05,
      39.4,
      36.69,
      26.0,
      24.33,
      55.23,
      48.08,
      52.8,
      47.01,
      32.65,
      27.29,
      61.81,
      56.29
    ],
    [
      30.02,
      13.6,
      50.25,
      51.62,
      100000.0,
      20.25,
      100000.0,
      50.01,
      28.18,
      100000.0,
      100000.0,
      47.8,
      21.02,
      12.21,
      100000.0,
      36.12,
      100000.0,
      54.63,
      5.0,
      62.03,
      57.31,
      70.83,
      45.28,
      100000.0,
      43.93,
      6.32,
      55.61,
      100000.0,
      17.2,
      100000.0,
      55.97,
      30.07,
      56.86,
      39.82,
      100000.0,
      100000.0,
      100000.0,
      100000.0,
      51.74,
      17.8,
      17.46,
      14.0,
      24.76,
      100000.0,
      54.23,
      50.01,
      44.78,
      46.14,
      35.23,
      39.0,
      28.64,
      30.68,
      14.04,
      10.0,
      31.91,
      27.78,
      30.02,
      31.4,
      68.43,
      63.53,
      70.61,
      69.58,
      42.19,
      40.52,
      85.43,
      82.1,
      25.61,
      27.66,
      16.76,
      12.21
    ],
    [
      44.55,
      48.75,
      15.65,
      27.66,
      100000.0,
      43.08,
      100000.0,
      30.48,
      20.4,
      100000.0,
      100000.0,
      9.85,
      61.77,
      46.87,
      100000.0,
      7.81,
      100000.0,
      23.71,
      45.22,
      56.8,
      68.59,
      38.28,
      26.83,
      43.93,
      100000.0,
      49.82,
      63.95,
      100000.0,
      43.38,
      100000.0,
      56.36,
      66.65,
      25.08,
      8.25,
      100000.0,
      100000.0,
      100000.0,
      100000.0,
      68.01,
      61.72,
      38.9,
      55.23,
      68.68,
      100000.0,
      37.54,
      38.28,
      86.61,
      88.87,
      33.06,
      29.61,
      39.01,
      43.0,
      53.6,
      51.09,
      16.12,
      19.65,
      48.09,
      52.15,
      66.21,
      63.32,
      38.63,
      41.18,
      31.78,
      24.17,
      41.62,
      38.91,
      19.24,
      16.28,
      59.64,
      56.08
    ],
    [
      34.54,
      11.18,
      55.22,
      57.87,
      100000.0,
      24.7,
      100000.0,
      53.45,
      33.02,
      100000.0,
      100000.0,
      53.15,
      15.03,
      15.26,
      100000.0,
      42.01,
      100000.0,
      59.06,
      5.39,
      67.05,
      60.61,
      77.13,
      51.48,
      6.32,
      49.82,
      100000.0,
      59.36,
      100000.0,
      21.54,
      100000.0,
      56.29,
      29.12,
      61.29,
      45.28,
      100000.0,
      100000.0,
      100000.0,
      100000.0,
      54.49,
      12.04,
      19.1,
      8.25,
      19.21,
      100000.0,
      57.07,
      52.47,
      40.8,
      41.63,
      41.05,
      45.04,
      30.0,
      31.26,
      13.89,
      10.0,
      37.01,
      32.8,
      29.41,
      29.97,
      73.01,
      68.03,
      76.9,
      75.8,
      45.12,
      44.38,
      91.4,
      88.2,
      31.11,
      33.6,
      10.44,
      6.4
    ],
    [
      26.17,
      69.2,
      79.08,
      42.58,
      100000.0,
      35.47,
      100000.0,
      89.69,
      66.65,
      100000.0,
      100000.0,
      73.55,
      72.9,
      44.1,
      100000.0,
      60.44,
      100000.0,
      86.83,
      60.61,
      18.44,
      5.39,
      55.9,
      39.01,
      55.61,
      63.95,
      59.36,
      100000.0,
      100000.0,
      38.42,
      100000.0,
      106.83,
      42.19,
      88.53,
      67.72,
      100000.0,
      100000.0,
      100000.0,
      100000.0,
      11.18,
      62.39,
      70.04,
      67.23,
      64.29,
      100000.0,
      96.25,
      94.37,
      62.39,
      67.27,
      31.32,
      34.37,
      79.65,
      82.98,
      47.42,
      50.12,
      66.71,
      65.3,
      84.15,
      86.31,
      17.26,
      12.65,
      55.01,
      49.74,
      85.88,
      80.11,
      89.99,
      83.52,
      60.83,
      56.86,
      66.64,
      60.37
    ],
    [
      100000.0,
      100000.0,
      100000.0,
      100000.0,
      100000.0,
      100000.0,
      100000.0,
      100000.0,
      100000.0,
      100000.0,
      100000.0,
      100000.0,
      100000.0,
      100000.0,
      100000.0,
      100000.0,
      100000.0,
      100000.0,
      100000.0,
      100000.0,
      100000.0,
      100000.0,
      100000.0,
      100000.0,
      100000.0,
      100000.0,
      100000.0,
      100000.0,
      100000.0,
      100000.0,
      100000.0,
      100000.0,
      100000.0,
      100000.0,
      100000.0,
      100000.0,
      100000.0,
      100000.0,
      100000.0,
      100000.0,
      100000.0,
      100000.0,
      100000.0,
      100000.0,
      100000.0,
      100000.0,
      100000.0,
      100000.0,
      100000.0,
      100000.0,
      100000.0,
      100000.0,
      100000.0,
      100000.0,
      100000.0,
      100000.0,
      100000.0,
      100000.0,
      100000.0,
      100000.0,
      100000.0,
      100000.0,
      100000.0,
      100000.0,
      100000.0,
      100000.0,
      100000.0,
      100000.0,
      100000.0,
      100000.0
    ],
    [
      13.0,
      30.81,
      54.34,
      41.15,
      100000.0,
      3.16,
      100000.0,
      59.14,
      35.01,
      100000.0,
      100000.0,
      50.29,
      36.14,
      7.0,
      100000.0,
      36.4,
      100000.0,
      60.53,
      22.2,
      45.61,
      40.31,
      60.84,
      34.44,
      17.2,
      43.38,
      21.54,
      38.42,
      100000.0,
      100000.0,
      100000.0,
      70.66,
      23.32,
      62.65,
      42.45,
      100000.0,
      100000.0,
      100000.0,
      100000.0,
      35.23,
      28.02,
      32.45,
      29.73,
      32.76,
      100000.0,
      64.63,
      61.39,
      44.55,
      47.63,
      21.84,
      26.93,
      42.94,
      45.79,
      13.6,
      14.0,
      37.12,
      34.0,
      46.23,
      48.1,
      51.48,
      46.52,
      60.42,
      58.19,
      52.95,
      49.09,
      82.33,
      77.79,
      30.07,
      28.86,
      30.41,
      24.19
    ],
    [
      100000.0,
      100000.0,
      100000.0,
      100000.0,
      100000.0,
      100000.0,
      100000.0,
      100000.0,
      100000.0,
      100000.0,
      100000.0,
      100000.0,
      100000.0,
      100000.0,
      100000.0,
      100000.0,
      100000.0,
      100000.0,
      100000.0,
      100000.0,
      100000.0,
      100000.0,
      100000.0,
      100000.0,
      100000.0,
      100000.0,
      100000.0,
      100000.0,
      100000.0,
      100000.0,
      100000.0,
      100000.0,
      100000.0,
      100000.0,
      100000.0,
      100000.0,
      100000.0,
      100000.0,
      100000.0,
      100000.0,
      100000.0,
      100000.0,
      100000.0,
      100000.0,
      100000.0,
      100000.0,
      100000.0,
      100000.0,
      100000.0,
      100000.0,
      100000.0,
      100000.0,
      100000.0,
      100000.0,
      100000.0,
      100000.0,
      100000.0,
      100000.0,
      100000.0,
      100000.0,
      100000.0,
      100000.0,
      100000.0,
      100000.0,
      100000.0,
      100000.0,
      100000.0,
      100000.0,
      100000.0,
      100000.0
    ],
    [
      80.99,
      45.54,
      45.12,
      82.38,
      100000.0,
      72.95,
      100000.0,
      28.28,
      41.77,
      100000.0,
      100000.0,
      49.34,
      54.08,
      67.78,
      100000.0,
      53.54,
      100000.0,
      40.11,
      51.92,
      106.78,
      109.84,
      94.54,
      79.2,
      55.97,
      56.36,
      56.29,
      106.83,
      100000.0,
      70.66,
      100000.0,
      100000.0,
      85.38,
      41.01,
      48.3,
      100000.0,
      100000.0,
      100000.0,
      100000.0,
      105.68,
      64.12,
      38.63,
      53.15,
      70.0,
      100000.0,
      23.02,
      19.24,
      94.0,
      93.13,
      77.83,
      77.83,
      27.73,
      25.3,
      69.64,
      65.52,
      43.6,
      43.19,
      27.17,
      28.02,
      115.31,
      111.2,
      94.94,
      97.49,
      24.6,
      32.2,
      85.0,
      86.28,
      47.38,
      52.4,
      58.03,
      60.53
    ],
    [
      28.3,
      40.16,
      76.84,
      62.01,
      100000.0,
      24.21,
      100000.0,
      79.4,
      56.09,
      100000.0,
      100000.0,
      73.16,
      37.01,
      20.62,
      100000.0,
      59.51,
      100000.0,
      82.46,
      33.54,
      56.57,
      41.0,
      81.27,
      55.44,
      30.07,
      66.65,
      29.12,
      42.19,
      100000.0,
      23.32,
      100000.0,
      85.38,
      100000.0,
      84.65,
      65.19,
      100000.0,
      100000.0,
      100000.0,
      100000.0,
      33.24,
      24.84,
      47.38,
      34.0,
      23.85,
      100000.0,
      84.05,
      80.01,
      22.83,
      26.93,
      42.01,
      47.63,
      58.55,
      60.21,
      16.03,
      20.1,
      58.94,
      55.32,
      58.52,
      58.87,
      59.01,
      54.0,
      80.71,
      77.52,
      72.03,
      69.58,
      105.42,
      100.66,
      51.92,
      51.62,
      30.81,
      25.94
    ],
    [
      67.07,
      55.61,
      9.49,
      52.15,
      100000.0,
      63.29,
      100000.0,
      13.34,
      28.79,
      100000.0,
      100000.0,
      15.23,
      68.88,
      64.03,
      100000.0,
      28.28,
      100000.0,
      2.24,
      55.95,
      81.86,
      92.96,
      58.41,
      51.89,
      56.86,
      25.08,
      61.29,
      88.53,
      100000.0,
      62.65,
      100000.0,
      41.01,
      84.65,
      100000.0,
      21.1,
      100000.0,
      100000.0,
      100000.0,
      100000.0,
      91.66,
      73.06,
      44.2,
      63.82,
      80.26,
      100000.0,
      18.11,
      22.09,
      101.64,
      102.86,
      57.27,
      54.41,
      37.64,
      40.22,
      69.57,
      66.13,
      25.71,
      29.41,
      46.04,
      49.93,
      91.29,
      88.39,
      59.03,
      62.97,
      21.47,
      17.69,
      44.01,
      45.4,
      32.76,
      34.06,
      69.07,
      67.6
    ],
    [
      46.01,
      42.72,
      12.04,
      34.71,
      100000.0,
      42.76,
      100000.0,
      23.43,
      13.42,
      100000.0,
      100000.0,
      8.06,
      56.04,
      44.78,
      100000.0,
      7.28,
      100000.0,
      19.24,
      40.31,
      62.43,
      72.03,
      46.49,
      32.8,
      39.82,
      8.25,
      45.28,
      67.72,
      100000.0,
      42.45,
      100000.0,
      48.3,
      65.19,
      21.1,
      100000.0,
      100000.0,
      100000.0,
      100000.0,
      100000.0,
      70.58,
      57.31,
      32.2,
      49.82,
      64.44,
      100000.0,
      30.48,
      30.61,
      83.86,
      85.7,
      36.4,
      34.01,
      31.14,
      35.06,
      51.0,
      48.02,
      8.94,
      13.04,
      40.31,
      44.41,
      71.69,
      68.43,
      46.82,
      49.19,
      23.71,
      16.12,
      47.41,
      45.54,
      14.21,
      13.6,
      54.56,
      51.66
    ],
    [
      100000.0,
      100000.0,
      100000.0,
      100000.0,
      100000.0,
      100000.0,
      100000.0,
      100000.0,
      100000.0,
      100000.0,
      100000.0,
      100000.0,
      100000.0,
      100000.0,
      100000.0,
      100000.0,
      100000.0,
      100000.0,
      100000.0,
      100000.0,
      100000.0,
      100000.0,
      100000.0,
      100000.0,
      100000.0,
      100000.0,
      100000.0,
      100000.0,
      100000.0,
      100000.0,
      100000.0,
      100000.0,
      100000.0,
      100000.0,
      100000.0,
      100000.0,
      100000.0,
      100000.0,
      100000.0,
      100000.0,
      100000.0,
      100000.0,
      100000.0,
      100000.0,
      100000.0,
      100000.0,
      100000.0,
      100000.0,
      100000.0,
      100000.0,
      100000.0,
      100000.0,
      100000.0,
      100000.0,
      100000.0,
      100000.0,
      100000.0,
      100000.0,
      100000.0,
      100000.0,
      100000.0,
      100000.0,
      100000.0,
      100000.0,
      100000.0,
      100000.0,
      100000.0,
      100000.0,
      100000.0,
      100000.0
    ],
    [
      100000.0,
      100000.0,
