{
  "name": "M-d5-n5-k1-p2",
  "V_coordinates": [
    [
      73,
      50
    ],
    [
      61,
      85
    ],
    [
      21,
      71
    ],
    [
      30,
      35
    ],
    [
      59,
      22
    ],
    [
      31,
      17
    ],
    [
      34,
      80
    ],
    [
      72,
      33
    ],
    [
      74,
      6
    ],
    [
      39,
      97
    ],
    [
      62,
      65
    ],
    [
      8,
      88
    ],
    [
      88,
      53
    ],
    [
      49,
      34
    ],
    [
      53,
      92
    ],
    [
      63,
      42
    ],
    [
      91,
      33
    ],
    [
      7,
      58
    ],
    [
      76,
      87
    ],
    [
      54,
      60
    ],
    [
      75,
      34
    ],
    [
      67,
      8
    ],
    [
      94,
      62
    ],
    [
      61,
      68
    ],
    [
      8,
      7
    ],
    [
      32,
      59
    ],
    [
      18,
      45
    ],
    [
      17,
      28
    ],
    [
      82,
      5
    ],
    [
      97,
      8
    ],
    [
      31,
      57
    ],
    [
      35,
      56
    ],
    [
      84,
      9
    ],
    [
      79,
      8
    ],
    [
      72,
      6
    ],
    [
      76,
      3
    ],
    [
      64,
      6
    ],
    [
      68,
      10
    ],
    [
      74,
      88
    ],
    [
      77,
      85
    ],
    [
      21,
      43
    ],
    [
      15,
      43
    ],
    [
      5,
      91
    ],
    [
      13,
      87
    ],
    [
      64,
      67
    ],
    [
      59,
      70
    ]
  ],
  "V": [
    0,
    1,
    2,
    3,
    4,
    5,
    6,
    7,
    8,
    9,
    10,
    11,
    12,
    13,
    14,
    15,
    16,
    17,
    18,
    19,
    20,
    21,
    22,
    23,
    24,
    25,
    26,
    27,
    28,
    29,
    30,
    31,
    32,
    33,
    34,
    35,
    36,
    37,
    38,
    39,
    40,
    41,
    42,
    43,
    44,
    45
  ],
  "VD": [
    0,
    1,
    2,
    3,
    4
  ],
  "VC": [
    5,
    6,
    7,
    8,
    9,
    10,
    11,
    12,
    13,
    14,
    15,
    16,
    17,
    18,
    19,
    20,
    21,
    22,
    23,
    24,
    25,
    26,
    27,
    28,
    29
  ],
  "VP": [
    30,
    31,
    32,
    33,
    34,
    35,
    36,
    37,
    38,
    39,
    40,
    41,
    42,
    43,
    44,
    45
  ],
  "VC1": [
    5,
    6,
    7,
    9,
    10,
    12,
    13,
    14,
    15,
    16,
    17,
    19,
    20,
    22,
    24,
    27,
    29
  ],
  "VC2": [
    25,
    28,
    8,
    21,
    18,
    26,
    11,
    23
  ],
  "demand": [
    0,
    0,
    0,
    0,
    0,
    26,
    23,
    25,
    21,
    23,
    21,
    10,
    27,
    27,
    29,
    29,
    20,
    24,
    29,
    10,
    17,
    30,
    15,
    27,
    28,
    15,
    12,
    27,
    18,
    11,
    0,
    0,
    0,
    0,
    0,
    0,
    0,
    0,
    0,
    0,
    0,
    0,
    0,
    0,
    0,
    0
  ],
  "service_time": [
    0,
    0,
    0,
    0,
    0,
    20,
    11,
    11,
    10,
    17,
    10,
    14,
    13,
    14,
    11,
    19,
    12,
    15,
    14,
    11,
    12,
    12,
    14,
    18,
    12,
    20,
    14,
    20,
    14,
    17,
    0,
    0,
    0,
    0,
    0,
    0,
    0,
    0,
    0,
    0,
    0,
    0,
    0,
    0,
    0,
    0
  ],
  "K": [
    0,
    1,
    2,
    3,
    4
  ],
  "veh_dist_matrix": [
    [
      100000.0,
      37.0,
      56.08,
      45.54,
      31.3,
      53.41,
      49.2,
      17.03,
      100000.0,
      58.01,
      18.6,
      100000.0,
      15.3,
      28.84,
      46.52,
      12.81,
      24.76,
      66.48,
      100000.0,
      21.47,
      16.12,
      100000.0,
      24.19,
      100000.0,
      77.94,
      100000.0,
      100000.0,
      60.17,
      100000.0,
      48.37,
      42.58,
      38.47,
      42.45,
      42.43,
      44.01,
      47.1,
      44.91,
      40.31,
      38.01,
      35.23,
      52.47,
      58.42,
      79.4,
      70.49,
      19.24,
      24.41
    ],
    [
      37.0,
      100000.0,
      42.38,
      58.83,
      63.03,
      74.32,
      27.46,
      53.15,
      100000.0,
      25.06,
      20.02,
      100000.0,
      41.87,
      52.39,
      10.63,
      43.05,
      60.03,
      60.37,
      100000.0,
      25.96,
      52.89,
      100000.0,
      40.22,
      100000.0,
      94.3,
      100000.0,
      100000.0,
      72.01,
      100000.0,
      85.0,
      41.04,
      38.95,
      79.4,
      79.08,
      79.76,
      83.36,
      79.06,
      75.33,
      13.34,
      16.0,
      58.0,
      62.29,
      56.32,
      48.04,
      18.25,
      15.13
    ],
    [
      56.08,
      42.38,
      100000.0,
      37.11,
      62.01,
      54.92,
      15.81,
      63.6,
      100000.0,
      31.62,
      41.44,
      100000.0,
      69.38,
      46.4,
      38.28,
      51.04,
      79.65,
      19.1,
      100000.0,
      34.79,
      65.46,
      100000.0,
      73.55,
      100000.0,
      65.31,
      100000.0,
      100000.0,
      43.19,
      100000.0,
      98.72,
      17.2,
      20.52,
      88.39,
      85.63,
      82.62,
      87.46,
      77.94,
      77.01,
      55.66,
      57.72,
      28.0,
      28.64,
      25.61,
      17.89,
      43.19,
      38.01
    ],
    [
      45.54,
      58.83,
      37.11,
      100000.0,
      31.78,
      18.03,
      45.18,
      42.05,
      100000.0,
      62.65,
      43.86,
      100000.0,
      60.73,
      19.03,
      61.47,
      33.73,
      61.03,
      32.53,
      100000.0,
      34.66,
      45.01,
      100000.0,
      69.46,
      100000.0,
      35.61,
      100000.0,
      100000.0,
      14.76,
      100000.0,
      72.24,
      22.02,
      21.59,
      59.93,
      55.95,
      51.04,
      56.04,
      44.69,
      45.49,
      68.88,
      68.62,
      12.04,
      17.0,
      61.33,
      54.71,
      46.69,
      45.45
    ],
    [
      31.3,
      63.03,
      62.01,
      31.78,
      100000.0,
      28.44,
      63.16,
      17.03,
      100000.0,
      77.62,
      43.1,
      100000.0,
      42.45,
      15.62,
      70.26,
      20.4,
      33.84,
      63.25,
      100000.0,
      38.33,
      20.0,
      100000.0,
      53.15,
      100000.0,
      53.16,
      100000.0,
      100000.0,
      42.43,
      100000.0,
      40.5,
      44.82,
      41.62,
      28.18,
      24.41,
      20.62,
      25.5,
      16.76,
      15.0,
      67.68,
      65.52,
      43.42,
      48.75,
      87.62,
      79.63,
      45.28,
      48.0
    ],
    [
      53.41,
      74.32,
      54.92,
      18.03,
      28.44,
      100000.0,
      63.07,
      44.01,
      100000.0,
      80.4,
      57.14,
      100000.0,
      67.42,
      24.76,
      78.16,
      40.61,
      62.1,
      47.51,
      100000.0,
      48.76,
      47.17,
      100000.0,
      77.42,
      100000.0,
      25.08,
      100000.0,
      100000.0,
      17.8,
      100000.0,
      66.61,
      40.0,
      39.2,
      53.6,
      48.84,
      42.45,
      47.13,
      34.79,
      37.66,
      83.01,
      82.1,
      27.86,
      30.53,
      78.43,
      72.28,
      59.91,
      59.94
    ],
    [
      49.2,
      27.46,
      15.81,
      45.18,
      63.16,
      63.07,
      100000.0,
      60.44,
      100000.0,
      17.72,
      31.76,
      100000.0,
      60.37,
      48.38,
      22.47,
      47.8,
      73.88,
      34.83,
      100000.0,
      28.28,
      61.62,
      100000.0,
      62.64,
      100000.0,
      77.49,
      100000.0,
      100000.0,
      54.71,
      100000.0,
      95.67,
      23.19,
      24.02,
      86.84,
      84.91,
      83.19,
      87.71,
      79.85,
      77.82,
      40.79,
      43.29,
      39.22,
      41.59,
      31.02,
      22.14,
      32.7,
      26.93
    ],
    [
      17.03,
      53.15,
      63.6,
      42.05,
      17.03,
      44.01,
      60.44,
      100000.0,
      100000.0,
      72.01,
      33.53,
      100000.0,
      25.61,
      23.02,
      61.98,
      12.73,
      19.0,
      69.64,
      100000.0,
      32.45,
      3.16,
      100000.0,
      36.4,
      100000.0,
      69.08,
      100000.0,
      100000.0,
      55.23,
      100000.0,
      35.36,
      47.51,
      43.57,
      26.83,
      25.96,
      27.0,
      30.27,
      28.16,
      23.35,
      55.04,
      52.24,
      51.97,
      57.87,
      88.62,
      79.98,
      34.93,
      39.22
    ],
    [
      100000.0,
      100000.0,
      100000.0,
      100000.0,
      100000.0,
      100000.0,
      100000.0,
      100000.0,
      100000.0,
      100000.0,
      100000.0,
      100000.0,
      100000.0,
      100000.0,
      100000.0,
      100000.0,
      100000.0,
      100000.0,
      100000.0,
      100000.0,
      100000.0,
      100000.0,
      100000.0,
      100000.0,
      100000.0,
      100000.0,
      100000.0,
      100000.0,
      100000.0,
      100000.0,
      100000.0,
      100000.0,
      100000.0,
      100000.0,
      100000.0,
      100000.0,
      100000.0,
      100000.0,
      100000.0,
      100000.0,
      100000.0,
      100000.0,
      100000.0,
      100000.0,
      100000.0,
      100000.0
    ],
    [
      58.01,
      25.06,
      31.62,
      62.65,
      77.62,
      80.4,
      17.72,
      72.01,
      100000.0,
      100000.0,
      39.41,
      100000.0,
      65.86,
      63.79,
      14.87,
      60.01,
      82.46,
      50.45,
      100000.0,
      39.92,
      72.56,
      100000.0,
      65.19,
      100000.0,
      95.19,
      100000.0,
      100000.0,
      72.42,
      100000.0,
      106.23,
      40.79,
      41.19,
      98.84,
      97.58,
      96.8,
      101.02,
      94.37,
      91.71,
      36.14,
      39.85,
      56.92,
      59.09,
      34.53,
      27.86,
      39.05,
      33.6
    ],
    [
      18.6,
      20.02,
      41.44,
      43.86,
      43.1,
      57.14,
      31.76,
      33.53,
      100000.0,
      39.41,
      100000.0,
      100000.0,
      28.64,
      33.62,
      28.46,
      23.02,
      43.19,
      55.44,
      100000.0,
      9.43,
      33.62,
      100000.0,
      32.14,
      100000.0,
      79.25,
      100000.0,
      100000.0,
      58.26,
      100000.0,
      66.89,
      32.02,
      28.46,
      60.17,
      59.48,
      59.84,
      63.56,
      59.03,
      55.33,
      25.94,
      25.0,
      46.53,
      51.89,
      62.65,
      53.71,
      2.83,
      5.83
    ],
    [
      100000.0,
      100000.0,
      100000.0,
      100000.0,
      100000.0,
      100000.0,
      100000.0,
      100000.0,
      100000.0,
      100000.0,
      100000.0,
      100000.0,
      100000.0,
      100000.0,
      100000.0,
      100000.0,
      100000.0,
      100000.0,
      100000.0,
      100000.0,
      100000.0,
      100000.0,
      100000.0,
      100000.0,
      100000.0,
      100000.0,
      100000.0,
      100000.0,
      100000.0,
      100000.0,
      100000.0,
      100000.0,
      100000.0,
      100000.0,
      100000.0,
      100000.0,
      100000.0,
      100000.0,
      100000.0,
      100000.0,
      100000.0,
      100000.0,
      100000.0,
      100000.0,
      100000.0,
      100000.0
    ],
    [
      15.3,
      41.87,
      69.38,
      60.73,
      42.45,
      67.42,
      60.37,
      25.61,
      100000.0,
      65.86,
      28.64,
      100000.0,
      100000.0,
      43.38,
      52.4,
      27.31,
      20.22,
      81.15,
      100000.0,
      34.71,
      23.02,
      100000.0,
      10.82,
      100000.0,
      92.28,
      100000.0,
      100000.0,
      75.27,
      100000.0,
      45.89,
      57.14,
      53.08,
      44.18,
      45.89,
      49.65,
      51.42,
      52.77,
      47.42,
      37.7,
      33.84,
      67.74,
      73.68,
      91.29,
      82.35,
      27.78,
      33.62
    ],
    [
      28.84,
      52.39,
      46.4,
      19.03,
      15.62,
      24.76,
      48.38,
      23.02,
      100000.0,
      63.79,
      33.62,
      100000.0,
      43.38,
      100000.0,
      58.14,
      16.12,
      42.01,
      48.37,
      100000.0,
      26.48,
      26.0,
      100000.0,
      53.0,
      100000.0,
      49.09,
      100000.0,
      100000.0,
      32.56,
      100000.0,
      54.59,
      29.21,
      26.08,
      43.01,
      39.7,
      36.24,
      41.11,
      31.76,
      30.61,
      59.51,
      58.18,
      29.41,
      35.17,
      72.01,
      64.07,
      36.25,
      37.36
    ],
    [
      46.52,
      10.63,
      38.28,
      61.47,
      70.26,
      78.16,
      22.47,
      61.98,
      100000.0,
      14.87,
      28.46,
      100000.0,
      52.4,
      58.14,
      100000.0,
      50.99,
      70.18,
      57.2,
      100000.0,
      32.02,
      62.03,
      100000.0,
      50.8,
      100000.0,
      96.18,
      100000.0,
      100000.0,
      73.43,
      100000.0,
      94.83,
      41.34,
      40.25,
      88.6,
      87.93,
      88.07,
      91.92,
      86.7,
      83.36,
      21.38,
      25.0,
      58.52,
      62.01,
      48.01,
      40.31,
      27.31,
      22.8
    ],
    [
      12.81,
      43.05,
      51.04,
      33.73,
      20.4,
      40.61,
      47.8,
      12.73,
      100000.0,
      60.01,
      23.02,
      100000.0,
      27.31,
      16.12,
      50.99,
      100000.0,
      29.41,
      58.24,
      100000.0,
      20.12,
      14.42,
      100000.0,
      36.89,
      100000.0,
      65.19,
      100000.0,
      100000.0,
      48.08,
      100000.0,
      48.08,
      35.34,
      31.3,
      39.12,
      37.58,
      37.11,
      41.11,
      36.01,
      32.39,
      47.3,
      45.22,
      42.01,
      48.01,
      75.93,
      67.27,
      25.02,
      28.28
    ],
    [
      24.76,
      60.03,
      79.65,
      61.03,
      33.84,
      62.1,
      73.88,
      19.0,
      100000.0,
      82.46,
      43.19,
      100000.0,
      20.22,
      42.01,
      70.18,
      29.41,
      100000.0,
      87.64,
      100000.0,
      45.8,
      16.03,
      100000.0,
      29.15,
      100000.0,
      86.98,
      100000.0,
      100000.0,
      74.17,
      100000.0,
      25.71,
      64.62,
      60.54,
      25.0,
      27.73,
      33.02,
      33.54,
      38.18,
      32.53,
      57.57,
      53.85,
      70.71,
      76.66,
      103.73,
      94.87,
      43.42,
      48.92
    ],
    [
      66.48,
      60.37,
      19.1,
      32.53,
      63.25,
      47.51,
      34.83,
      69.64,
      100000.0,
      50.45,
      55.44,
      100000.0,
      81.15,
      48.37,
      57.2,
      58.24,
      87.64,
      100000.0,
      100000.0,
      47.04,
      72.11,
      100000.0,
      87.09,
      100000.0,
      51.01,
      100000.0,
      100000.0,
      31.62,
      100000.0,
      102.96,
      24.02,
      28.07,
      91.27,
      87.66,
      83.24,
      88.24,
      77.16,
      77.62,
      73.41,
      75.03,
      20.52,
      17.0,
      33.06,
      29.61,
      57.71,
      53.37
    ],
    [
      100000.0,
      100000.0,
      100000.0,
      100000.0,
      100000.0,
      100000.0,
      100000.0,
      100000.0,
      100000.0,
      100000.0,
      100000.0,
      100000.0,
      100000.0,
      100000.0,
      100000.0,
      100000.0,
      100000.0,
      100000.0,
      100000.0,
      100000.0,
      100000.0,
      100000.0,
      100000.0,
      100000.0,
      100000.0,
      100000.0,
      100000.0,
      100000.0,
      100000.0,
      100000.0,
      100000.0,
      100000.0,
      100000.0,
      100000.0,
      100000.0,
      100000.0,
      100000.0,
      100000.0,
      100000.0,
      100000.0,
      100000.0,
      100000.0,
      100000.0,
      100000.0,
      100000.0,
      100000.0
    ],
    [
      21.47,
      25.96,
      34.79,
      34.66,
      38.33,
      48.76,
      28.28,
      32.45,
      100000.0,
      39.92,
      9.43,
      100000.0,
      34.71,
      26.48,
      32.02,
      20.12,
      45.8,
      47.04,
      100000.0,
      100000.0,
      33.42,
      100000.0,
      40.05,
      100000.0,
      70.18,
      100000.0,
      100000.0,
      48.92,
      100000.0,
      67.48,
      23.19,
      19.42,
      59.17,
      57.7,
      56.92,
      61.1,
      54.92,
      51.92,
      34.41,
      33.97,
      37.12,
      42.54,
      57.98,
      49.09,
      12.21,
      11.18
    ],
    [
      16.12,
      52.89,
      65.46,
      45.01,
      20.0,
      47.17,
      61.62,
      3.16,
      100000.0,
      72.56,
      33.62,
      100000.0,
      23.02,
      26.0,
      62.03,
      14.42,
      16.03,
      72.11,
      100000.0,
      33.42,
      100000.0,
      100000.0,
      33.84,
      100000.0,
      72.24,
      100000.0,
      100000.0,
      58.31,
      100000.0,
      34.06,
      49.65,
      45.65,
      26.57,
      26.31,
      28.16,
      31.02,
      30.08,
      25.0,
      54.01,
      51.04,
      54.74,
      60.67,
      90.27,
      81.57,
      34.79,
      39.4
    ],
    [
      100000.0,
      100000.0,
      100000.0,
      100000.0,
      100000.0,
      100000.0,
      100000.0,
      100000.0,
      100000.0,
      100000.0,
      100000.0,
      100000.0,
      100000.0,
      100000.0,
      100000.0,
      100000.0,
      100000.0,
      100000.0,
      100000.0,
      100000.0,
      100000.0,
      100000.0,
      100000.0,
      100000.0,
      100000.0,
      100000.0,
      100000.0,
      100000.0,
      100000.0,
      100000.0,
      100000.0,
      100000.0,
      100000.0,
      100000.0,
      100000.0,
      100000.0,
      100000.0,
      100000.0,
      100000.0,
      100000.0,
      100000.0,
      100000.0,
      100000.0,
      100000.0,
      100000.0,
      100000.0
    ],
    [
      24.19,
      40.22,
      73.55,
      69.46,
      53.15,
      77.42,
      62.64,
      36.4,
      100000.0,
      65.19,
      32.14,
      100000.0,
      10.82,
      53.0,
      50.8,
      36.89,
      29.15,
      87.09,
      100000.0,
      40.05,
      33.84,
      100000.0,
      100000.0,
      100000.0,
      102.08,
      100000.0,
      100000.0,
      84.17,
      100000.0,
      54.08,
      63.2,
      59.3,
      53.94,
      56.04,
      60.17,
      61.68,
      63.53,
      58.14,
      32.8,
      28.6,
      75.43,
      81.25,
      93.61,
      84.77,
      30.41,
      35.9
    ],
    [
      100000.0,
      100000.0,
      100000.0,
      100000.0,
      100000.0,
      100000.0,
      100000.0,
      100000.0,
      100000.0,
      100000.0,
      100000.0,
      100000.0,
      100000.0,
      100000.0,
      100000.0,
      100000.0,
      100000.0,
      100000.0,
      100000.0,
      100000.0,
      100000.0,
      100000.0,
      100000.0,
      100000.0,
      100000.0,
      100000.0,
      100000.0,
      100000.0,
      100000.0,
      100000.0,
      100000.0,
      100000.0,
      100000.0,
      100000.0,
      100000.0,
      100000.0,
      100000.0,
      100000.0,
      100000.0,
      100000.0,
      100000.0,
      100000.0,
      100000.0,
      100000.0,
      100000.0,
      100000.0
    ],
    [
      77.94,
      94.3,
      65.31,
      35.61,
      53.16,
      25.08,
      77.49,
      69.08,
      100000.0,
      95.19,
      79.25,
      100000.0,
      92.28,
      49.09,
      96.18,
      65.19,
      86.98,
      51.01,
      100000.0,
      70.18,
      72.24,
      100000.0,
      102.08,
      100000.0,
      100000.0,
      100000.0,
      100000.0,
      22.85,
      100000.0,
      89.01,
      55.04,
      55.95,
      76.03,
      71.01,
      64.01,
      68.12,
      56.01,
      60.07,
      104.48,
      104.14,
      38.28,
      36.67,
      84.05,
      80.16,
      82.07,
      81.06
    ],
    [
      100000.0,
      100000.0,
      100000.0,
      100000.0,
      100000.0,
      100000.0,
      100000.0,
      100000.0,
      100000.0,
      100000.0,
      100000.0,
      100000.0,
      100000.0,
      100000.0,
      100000.0,
      100000.0,
      100000.0,
      100000.0,
      100000.0,
      100000.0,
      100000.0,
      100000.0,
      100000.0,
      100000.0,
      100000.0,
      100000.0,
      100000.0,
      100000.0,
      100000.0,
      100000.0,
      100000.0,
      100000.0,
      100000.0,
      100000.0,
      100000.0,
      100000.0,
      100000.0,
      100000.0,
      100000.0,
      100000.0,
      100000.0,
      100000.0,
      100000.0,
      100000.0,
      100000.0,
      100000.0
    ],
    [
      100000.0,
      100000.0,
      100000.0,
      100000.0,
      100000.0,
      100000.0,
      100000.0,
      100000.0,
      100000.0,
      100000.0,
      100000.0,
      100000.0,
      100000.0,
      100000.0,
      100000.0,
      100000.0,
      100000.0,
      100000.0,
      100000.0,
      100000.0,
      100000.0,
      100000.0,
      100000.0,
      100000.0,
      100000.0,
      100000.0,
      100000.0,
      100000.0,
      100000.0,
      100000.0,
      100000.0,
      100000.0,
      100000.0,
      100000.0,
      100000.0,
      100000.0,
      100000.0,
      100000.0,
      100000.0,
      100000.0,
      100000.0,
      100000.0,
      100000.0,
      100000.0,
      100000.0,
      100000.0
    ],
    [
      60.17,
      72.01,
      43.19,
      14.76,
      42.43,
      17.8,
      54.71,
      55.23,
      100000.0,
      72.42,
      58.26,
      100000.0,
      75.27,
      32.56,
      73.43,
      48.08,
      74.17,
      31.62,
      100000.0,
      48.92,
      58.31,
      100000.0,
      84.17,
      100000.0,
      22.85,
      100000.0,
      100000.0,
      100000.0,
      100000.0,
      82.46,
      32.2,
      33.29,
      69.64,
      65.15,
      59.24,
      64.08,
      51.89,
      54.08,
      82.76,
      82.76,
      15.52,
      15.13,
      64.13,
      59.14,
      61.07,
      59.4
    ],
    [
      100000.0,
      100000.0,
      100000.0,
      100000.0,
      100000.0,
      100000.0,
      100000.0,
      100000.0,
      100000.0,
      100000.0,
      100000.0,
      100000.0,
      100000.0,
      100000.0,
      100000.0,
      100000.0,
      100000.0,
      100000.0,
      100000.0,
      100000.0,
      100000.0,
      100000.0,
      100000.0,
      100000.0,
      100000.0,
      100000.0,
      100000.0,
      100000.0,
      100000.0,
      100000.0,
      100000.0,
      100000.0,
      100000.0,
      100000.0,
      100000.0,
      100000.0,
      100000.0,
      100000.0,
      100000.0,
      100000.0,
      100000.0,
      100000.0,
      100000.0,
      100000.0,
      100000.0,
      100000.0
    ],
    [
      48.37,
      85.0,
      98.72,
      72.24,
      40.5,
      66.61,
      95.67,
      35.36,
      100000.0,
      106.23,
      66.89,
      100000.0,
      45.89,
      54.59,
      94.83,
      48.08,
      25.71,
      102.96,
      100000.0,
      67.48,
      34.06,
      100000.0,
      54.08,
      100000.0,
      89.01,
      100000.0,
      100000.0,
      82.46,
      100000.0,
      100000.0,
      82.2,
      78.41,
      13.04,
      18.0,
      25.08,
      21.59,
      33.06,
      29.07,
      83.24,
      79.56,
      83.67,
      89.16,
      123.91,
      115.31,
      67.6,
      72.72
    ],
    [
      42.58,
      41.04,
      17.2,
      22.02,
      44.82,
      40.0,
      23.19,
      47.51,
      100000.0,
      40.79,
      32.02,
      100000.0,
      57.14,
      29.21,
      41.34,
      35.34,
      64.62,
      24.02,
      100000.0,
      23.19,
      49.65,
      100000.0,
      63.2,
      100000.0,
      55.04,
      100000.0,
      100000.0,
      32.2,
      100000.0,
      82.2,
      100000.0,
      4.12,
      71.51,
      68.59,
      65.44,
      70.29,
      60.75,
      59.82,
      53.01,
      53.85,
      17.2,
      21.26,
      42.8,
      34.99,
      34.48,
      30.87
    ],
    [
      38.47,
      38.95,
      20.52,
      21.59,
      41.62,
      39.2,
      24.02,
      43.57,
      100000.0,
      41.19,
      28.46,
      100000.0,
      53.08,
      26.08,
      40.25,
      31.3,
      60.54,
      28.07,
      100000.0,
      19.42,
      45.65,
      100000.0,
      59.3,
      100000.0,
      55.95,
      100000.0,
      100000.0,
      33.29,
      100000.0,
      78.41,
      4.12,
      100000.0,
      67.9,
      65.12,
      62.2,
      67.01,
      57.8,
      56.61,
      50.45,
      51.04,
      19.1,
      23.85,
      46.1,
      38.01,
      31.02,
      27.78
    ],
    [
      42.45,
      79.4,
      88.39,
      59.93,
      28.18,
      53.6,
      86.84,
      26.83,
      100000.0,
      98.84,
      60.17,
      100000.0,
      44.18,
      43.01,
      88.6,
      39.12,
      25.0,
      91.27,
      100000.0,
      59.17,
      26.57,
      100000.0,
      53.94,
      100000.0,
      76.03,
      100000.0,
      100000.0,
      69.64,
      100000.0,
      13.04,
      71.51,
      67.9,
      100000.0,
      5.1,
      12.37,
      10.0,
      20.22,
      16.03,
      79.63,
      76.32,
      71.59,
      76.92,
      113.86,
      105.48,
      61.35,
      65.92
    ],
    [
      42.43,
      79.08,
      85.63,
      55.95,
      24.41,
      48.84,
      84.91,
      25.96,
      100000.0,
      97.58,
      59.48,
      100000.0,
      45.89,
      39.7,
      87.93,
      37.58,
      27.73,
      87.66,
      100000.0,
      57.7,
      26.31,
      100000.0,
      56.04,
      100000.0,
      71.01,
      100000.0,
      100000.0,
      65.15,
      100000.0,
      18.0,
      68.59,
      65.12,
      5.1,
      100000.0,
      7.28,
      5.83,
      15.13,
      11.18,
      80.16,
      77.03,
      67.74,
      72.95,
      111.2,
      102.94,
      60.88,
      65.15
    ],
    [
      44.01,
      79.76,
      82.62,
      51.04,
      20.62,
      42.45,
      83.19,
      27.0,
      100000.0,
      96.8,
      59.84,
      100000.0,
      49.65,
      36.24,
      88.07,
      37.11,
      33.02,
      83.24,
      100000.0,
      56.92,
      28.16,
      100000.0,
      60.17,
      100000.0,
      64.01,
      100000.0,
      100000.0,
      59.24,
      100000.0,
      25.08,
      65.44,
      62.2,
      12.37,
      7.28,
      100000.0,
      5.0,
      8.0,
      5.66,
      82.02,
      79.16,
      63.01,
      67.96,
      108.23,
      100.21,
      61.52,
      65.31
    ],
    [
      47.1,
      83.36,
      87.46,
      56.04,
      25.5,
      47.13,
      87.71,
      30.27,
      100000.0,
      101.02,
      63.56,
      100000.0,
      51.42,
      41.11,
      91.92,
      41.11,
      33.54,
      88.24,
      100000.0,
      61.1,
      31.02,
      100000.0,
      61.68,
      100000.0,
      68.12,
      100000.0,
      100000.0,
      64.08,
      100000.0,
      21.59,
      70.29,
      67.01,
      10.0,
      5.83,
      5.0,
      100000.0,
      12.37,
      10.63,
      85.02,
      82.01,
      68.01,
      72.95,
      113.07,
      105.0,
      65.12,
      69.12
    ],
    [
      44.91,
      79.06,
      77.94,
      44.69,
      16.76,
      34.79,
      79.85,
      28.16,
      100000.0,
      94.37,
      59.03,
      100000.0,
      52.77,
      31.76,
      86.7,
      36.01,
      38.18,
      77.16,
      100000.0,
      54.92,
      30.08,
      100000.0,
      63.53,
      100000.0,
      56.01,
      100000.0,
      100000.0,
      51.89,
      100000.0,
      33.06,
      60.75,
      57.8,
      20.22,
      15.13,
      8.0,
      12.37,
      100000.0,
      5.66,
      82.61,
      80.06,
      56.73,
      61.4,
      103.47,
      95.72,
      61.0,
      64.2
    ],
    [
      40.31,
      75.33,
      77.01,
      45.49,
      15.0,
      37.66,
      77.82,
      23.35,
      100000.0,
      91.71,
      55.33,
      100000.0,
      47.42,
      30.61,
      83.36,
      32.39,
      32.53,
      77.62,
      100000.0,
      51.92,
      25.0,
      100000.0,
      58.14,
      100000.0,
      60.07,
      100000.0,
      100000.0,
      54.08,
      100000.0,
      29.07,
      59.82,
      56.61,
      16.03,
      11.18,
      5.66,
      10.63,
      5.66,
      100000.0,
      78.23,
      75.54,
      57.43,
      62.43,
      102.62,
      94.63,
      57.14,
      60.67
    ],
    [
      38.01,
      13.34,
      55.66,
      68.88,
      67.68,
      83.01,
      40.79,
      55.04,
      100000.0,
      36.14,
      25.94,
      100000.0,
      37.7,
      59.51,
      21.38,
      47.3,
      57.57,
      73.41,
      100000.0,
      34.41,
      54.01,
      100000.0,
      32.8,
      100000.0,
      104.48,
      100000.0,
      100000.0,
      82.76,
      100000.0,
      83.24,
      53.01,
      50.45,
      79.63,
      80.16,
      82.02,
      85.02,
      82.61,
      78.23,
      100000.0,
      4.24,
      69.53,
      74.2,
      69.07,
      61.01,
      23.26,
      23.43
    ],
    [
      35.23,
      16.0,
      57.72,
      68.62,
      65.52,
      82.1,
      43.29,
      52.24,
      100000.0,
      39.85,
      25.0,
      100000.0,
      33.84,
      58.18,
      25.0,
      45.22,
      53.85,
      75.03,
      100000.0,
      33.97,
      51.04,
      100000.0,
      28.6,
      100000.0,
      104.14,
      100000.0,
      100000.0,
      82.76,
      100000.0,
      79.56,
      53.85,
      51.04,
      76.32,
      77.03,
      79.16,
      82.01,
      80.06,
      75.54,
      4.24,
      100000.0,
      70.0,
      74.89,
      72.25,
      64.03,
      22.2,
      23.43
    ],
    [
      52.47,
      58.0,
      28.0,
      12.04,
      43.42,
      27.86,
      39.22,
      51.97,
      100000.0,
      56.92,
      46.53,
      100000.0,
      67.74,
      29.41,
      58.52,
      42.01,
      70.71,
      20.52,
      100000.0,
      37.12,
      54.74,
      100000.0,
      75.43,
      100000.0,
      38.28,
      100000.0,
      100000.0,
      15.52,
      100000.0,
      83.67,
      17.2,
      19.1,
      71.59,
      67.74,
      63.01,
      68.01,
      56.73,
      57.43,
      69.53,
      70.0,
      100000.0,
      6.0,
      50.6,
      44.72,
      49.24,
      46.62
    ],
    [
      58.42,
      62.29,
      28.64,
      17.0,
      48.75,
      30.53,
      41.59,
      57.87,
      100000.0,
      59.09,
      51.89,
      100000.0,
      73.68,
      35.17,
      62.01,
      48.01,
      76.66,
      17.0,
      100000.0,
      42.54,
      60.67,
      100000.0,
      81.25,
      100000.0,
      36.67,
      100000.0,
      100000.0,
      15.13,
      100000.0,
      89.16,
      21.26,
      23.85,
      76.92,
      72.95,
      67.96,
      72.95,
      61.4,
      62.43,
      74.2,
      74.89,
      6.0,
      100000.0,
      49.03,
      44.05,
      54.56,
      51.62
    ],
    [
      79.4,
      56.32,
      25.61,
      61.33,
      87.62,
      78.43,
      31.02,
      88.62,
      100000.0,
      34.53,
      62.65,
      100000.0,
      91.29,
      72.01,
      48.01,
      75.93,
      103.73,
      33.06,
      100000.0,
      57.98,
      90.27,
      100000.0,
      93.61,
      100000.0,
      84.05,
      100000.0,
      100000.0,
      64.13,
      100000.0,
      123.91,
      42.8,
      46.1,
      113.86,
      111.2,
      108.23,
      113.07,
      103.47,
      102.62,
      69.07,
      72.25,
      50.6,
      49.03,
      100000.0,
      8.94,
      63.69,
      57.94
    ],
    [
      70.49,
      48.04,
      17.89,
      54.71,
      79.63,
      72.28,
      22.14,
      79.98,
      100000.0,
      27.86,
      53.71,
      100000.0,
      82.35,
      64.07,
      40.31,
      67.27,
      94.87,
      29.61,
      100000.0,
      49.09,
      81.57,
      100000.0,
      84.77,
      100000.0,
      80.16,
      100000.0,
      100000.0,
      59.14,
      100000.0,
      115.31,
      34.99,
      38.01,
      105.48,
      102.94,
      100.21,
      105.0,
      95.72,
      94.63,
      61.01,
      64.03,
      44.72,
      44.05,
      8.94,
      100000.0,
      54.78,
      49.04
    ],
    [
      19.24,
      18.25,
      43.19,
      46.69,
      45.28,
      59.91,
      32.7,
      34.93,
      100000.0,
      39.05,
      2.83,
      100000.0,
      27.78,
      36.25,
      27.31,
      25.02,
      43.42,
      57.71,
      100000.0,
      12.21,
      34.79,
      100000.0,
      30.41,
      100000.0,
      82.07,
      100000.0,
      100000.0,
      61.07,
      100000.0,
      67.6,
      34.48,
      31.02,
      61.35,
      60.88,
      61.52,
      65.12,
      61.0,
      57.14,
      23.26,
      22.2,
      49.24,
      54.56,
      63.69,
      54.78,
      100000.0,
      5.83
    ],
    [
      24.41,
      15.13,
      38.01,
      45.45,
      48.0,
      59.94,
      26.93,
      39.22,
      100000.0,
      33.6,
      5.83,
      100000.0,
      33.62,
      37.36,
      22.8,
      28.28,
      48.92,
      53.37,
      100000.0,
      11.18,
      39.4,
      100000.0,
      35.9,
      100000.0,
      81.06,
      100000.0,
      100000.0,
      59.4,
      100000.0,
      72.72,
      30.87,
      27.78,
      65.92,
      65.15,
      65.31,
      69.12,
      64.2,
      60.67,
      23.43,
      23.43,
      46.62,
      51.62,
      57.94,
      49.04,
      5.83,
      100000.0
    ]
  ],
  "rob_power_matrix": [
    [
      10000.0,
      10000.0,
      10000.0,
      10000.0,
      10000.0,
      10000.0,
      10000.0,
      10000.0,
      10000.0,
      10000.0,
      10000.0,
      10000.0,
      10000.0,
      10000.0,
      10000.0,
      10000.0,
      10000.0,
      10000.0,
      10000.0,
      10000.0,
      10000.0,
      10000.0,
      10000.0,
      10000.0,
      10000.0,
      10000.0,
      10000.0,
      10000.0,
      10000.0,
      10000.0,
      10000.0,
      10000.0,
      10000.0,
      10000.0,
      10000.0,
      10000.0,
      10000.0,
      10000.0,
      10000.0,
      10000.0,
      10000.0,
      10000.0,
      10000.0,
      10000.0,
      10000.0,
      10000.0
    ],
    [
      10000.0,
      10000.0,
      10000.0,
      10000.0,
      10000.0,
      10000.0,
      10000.0,
      10000.0,
      10000.0,
      10000.0,
      10000.0,
      10000.0,
      10000.0,
      10000.0,
      10000.0,
      10000.0,
      10000.0,
      10000.0,
      10000.0,
      10000.0,
      10000.0,
      10000.0,
      10000.0,
      10000.0,
      10000.0,
      10000.0,
      10000.0,
      10000.0,
      10000.0,
      10000.0,
      10000.0,
      10000.0,
      10000.0,
      10000.0,
      10000.0,
      10000.0,
      10000.0,
      10000.0,
      10000.0,
      10000.0,
      10000.0,
      10000.0,
      10000.0,
      10000.0,
      10000.0,
      10000.0
    ],
    [
      10000.0,
      10000.0,
      10000.0,
      10000.0,
      10000.0,
      10000.0,
      10000.0,
      10000.0,
      10000.0,
      10000.0,
      10000.0,
      10000.0,
      10000.0,
      10000.0,
      10000.0,
      10000.0,
      10000.0,
      10000.0,
      10000.0,
      10000.0,
      10000.0,
      10000.0,
      10000.0,
      10000.0,
      10000.0,
      10000.0,
      10000.0,
      10000.0,
      10000.0,
      10000.0,
      10000.0,
      10000.0,
      10000.0,
      10000.0,
      10000.0,
      10000.0,
      10000.0,
      10000.0,
      10000.0,
      10000.0,
      10000.0,
      10000.0,
      10000.0,
      10000.0,
      10000.0,
      10000.0
    ],
    [
      10000.0,
      10000.0,
      10000.0,
      10000.0,
      10000.0,
      10000.0,
      10000.0,
      10000.0,
      10000.0,
      10000.0,
      10000.0,
      10000.0,
      10000.0,
      10000.0,
      10000.0,
      10000.0,
      10000.0,
      10000.0,
      10000.0,
      10000.0,
      10000.0,
      10000.0,
      10000.0,
      10000.0,
      10000.0,
      10000.0,
      10000.0,
      10000.0,
      10000.0,
      10000.0,
      10000.0,
      10000.0,
      10000.0,
      10000.0,
      10000.0,
      10000.0,
      10000.0,
      10000.0,
      10000.0,
      10000.0,
      10000.0,
      10000.0,
      10000.0,
      10000.0,
      10000.0,
      10000.0
    ],
    [
      10000.0,
      10000.0,
      10000.0,
      10000.0,
      10000.0,
      10000.0,
      10000.0,
      10000.0,
      10000.0,
      10000.0,
      10000.0,
      10000.0,
      10000.0,
      10000.0,
      10000.0,
      10000.0,
      10000.0,
      10000.0,
      10000.0,
      10000.0,
      10000.0,
      10000.0,
      10000.0,
      10000.0,
      10000.0,
      10000.0,
      10000.0,
      10000.0,
      10000.0,
      10000.0,
      10000.0,
      10000.0,
      10000.0,
      10000.0,
      10000.0,
      10000.0,
      10000.0,
      10000.0,
      10000.0,
      10000.0,
      10000.0,
      10000.0,
      10000.0,
      10000.0,
      10000.0,
      10000.0
    ],
    [
      10000.0,
      10000.0,
      10000.0,
      10000.0,
      10000.0,
      10000.0,
      6.307,
      4.401,
      4.438000000000001,
      8.040000000000001,
      5.714,
      7.463,
      6.742000000000001,
      2.4760000000000004,
      7.816,
      4.061,
      6.210000000000001,
      4.751,
      8.322000000000001,
      4.876,
      4.7170000000000005,
      3.7110000000000003,
      7.742000000000001,
      5.917000000000001,
      2.508,
      4.201,
      3.087,
      1.7800000000000002,
      5.239000000000001,
      6.6610000000000005,
      4.0,
      3.9200000000000004,
      5.36,
      4.884,
      4.245,
      4.713,
      3.479,
      3.766,
      8.301,
      8.209999999999999,
      2.786,
      3.0530000000000004,
      7.843000000000001,
      7.228000000000001,
      5.991,
      5.994
    ],
    [
      10000.0,
      10000.0,
      10000.0,
      10000.0,
      10000.0,
      6.307,
      10000.0,
      6.0440000000000005,
      8.412,
      1.772,
      3.176,
      2.72,
      6.037,
      4.838000000000001,
      2.247,
      4.78,
      7.388,
      3.483,
      4.258,
      2.8280000000000003,
      6.162,
      7.920000000000001,
      6.264,
      2.955,
      7.749,
      2.1100000000000003,
      3.848,
      5.471,
      8.904000000000002,
      9.567,
      2.3190000000000004,
      2.402,
      8.684000000000001,
      8.491,
      8.319,
      8.770999999999999,
      7.984999999999999,
      7.782,
      4.079,
      4.329,
      3.922,
      4.159000000000001,
      3.1020000000000003,
      2.214,
      3.2700000000000005,
      2.693
    ],
    [
      10000.0,
      10000.0,
      10000.0,
      10000.0,
      10000.0,
      4.401,
      6.0440000000000005,
      10000.0,
      2.7070000000000003,
      7.2010000000000005,
      3.353,
      8.439,
      2.561,
      2.302,
      6.198,
      1.2730000000000001,
      1.9000000000000001,
      6.964,
      5.415,
      3.2450000000000006,
      0.31600000000000006,
      2.5500000000000003,
      3.64,
      3.669,
      6.908,
      4.771,
      5.532,
      5.523,
      2.9730000000000003,
      3.536,
      4.751,
      4.357,
      2.683,
      2.596,
      2.7,
      3.027,
      2.8160000000000003,
      2.3350000000000004,
      5.5040000000000004,
      5.224,
      5.197,
      5.787,
      8.862,
      7.998000000000001,
      3.4930000000000003,
      3.922
    ],
    [
      10000.0,
      10000.0,
      10000.0,
      10000.0,
      10000.0,
      4.438000000000001,
      8.412,
      2.7070000000000003,
      10000.0,
      9.75,
      6.021000000000001,
      10.526000000000002,
      4.904,
      3.754,
      8.853,
      3.7640000000000002,
      3.1910000000000003,
      8.481,
      8.102,
      5.758,
      2.802,
      0.7280000000000001,
      5.946000000000001,
      6.335000000000001,
      6.601000000000001,
      6.7620000000000005,
      6.824,
      6.11,
      0.806,
      2.309,
      6.670999999999999,
      6.341,
      1.044,
      0.539,
      0.2,
      0.361,
      1.0,
      0.7210000000000001,
      8.200000000000001,
